0,000E+0	9,940E+4
1,000E+0	9,940E+4
2,000E+0	9,940E+4
3,000E+0	9,940E+4
4,000E+0	9,940E+4
5,000E+0	9,940E+4
6,000E+0	9,940E+4
7,000E+0	9,940E+4
8,000E+0	9,940E+4
9,000E+0	9,940E+4
1,000E+1	9,940E+4
1,100E+1	8,820E+4
1,200E+1	7,570E+4
1,300E+1	6,720E+4
1,400E+1	6,080E+4
1,500E+1	5,420E+4
1,600E+1	4,880E+4
1,700E+1	4,460E+4
1,800E+1	4,110E+4
1,900E+1	3,750E+4
2,000E+1	3,440E+4
2,100E+1	3,180E+4
2,200E+1	2,960E+4
2,300E+1	2,750E+4
2,400E+1	2,550E+4
2,500E+1	2,390E+4
2,600E+1	2,240E+4
2,700E+1	2,100E+4
2,800E+1	1,970E+4
2,900E+1	1,850E+4
3,000E+1	1,750E+4
3,100E+1	1,640E+4
3,200E+1	1,560E+4
3,300E+1	1,470E+4
3,400E+1	1,390E+4
3,500E+1	1,320E+4
3,600E+1	1,260E+4
3,700E+1	1,190E+4
3,800E+1	1,130E+4
3,900E+1	1,080E+4
4,000E+1	1,030E+4
4,100E+1	9,790E+3
4,200E+1	9,330E+3
4,300E+1	8,920E+3
4,400E+1	8,500E+3
4,500E+1	8,120E+3
4,600E+1	7,780E+3
4,700E+1	7,450E+3
4,800E+1	7,130E+3
4,900E+1	6,840E+3
5,000E+1	6,550E+3
5,100E+1	6,280E+3
5,200E+1	6,040E+3
5,300E+1	5,800E+3
5,400E+1	5,570E+3
5,500E+1	5,360E+3
5,600E+1	5,160E+3
5,700E+1	4,960E+3
5,800E+1	4,770E+3
5,900E+1	4,600E+3
6,000E+1	4,440E+3
6,100E+1	4,280E+3
6,200E+1	4,130E+3
6,300E+1	3,980E+3
6,400E+1	3,840E+3
6,500E+1	3,710E+3
6,600E+1	3,580E+3
6,700E+1	3,460E+3
6,800E+1	3,340E+3
6,900E+1	3,230E+3
7,000E+1	3,120E+3
7,100E+1	3,020E+3
7,200E+1	2,920E+3
7,300E+1	2,820E+3
7,400E+1	2,730E+3
7,500E+1	2,640E+3
7,600E+1	2,550E+3
7,700E+1	2,460E+3
7,800E+1	2,380E+3
7,900E+1	2,300E+3
8,000E+1	2,220E+3
8,100E+1	2,140E+3
8,200E+1	2,070E+3
8,300E+1	2,000E+3
8,400E+1	1,930E+3
8,500E+1	1,860E+3
8,600E+1	1,790E+3
8,700E+1	1,720E+3
8,800E+1	1,660E+3
8,900E+1	1,600E+3
9,000E+1	1,540E+3
9,100E+1	1,480E+3
9,200E+1	1,420E+3
9,300E+1	1,370E+3
9,400E+1	1,310E+3
9,500E+1	1,260E+3
9,600E+1	1,210E+3
9,700E+1	1,160E+3
9,800E+1	1,110E+3
9,900E+1	1,060E+3
1,000E+2	1,020E+3
1,010E+2	9,740E+2
1,020E+2	9,300E+2
1,030E+2	8,900E+2
1,040E+2	8,490E+2
1,050E+2	8,090E+2
1,060E+2	7,710E+2
1,070E+2	7,340E+2
1,080E+2	6,970E+2
1,090E+2	6,610E+2
1,100E+2	6,280E+2
1,110E+2	5,950E+2
1,120E+2	5,620E+2
1,130E+2	5,300E+2
1,140E+2	5,000E+2
1,150E+2	4,700E+2
1,160E+2	4,410E+2
1,170E+2	4,130E+2
1,180E+2	3,850E+2
1,190E+2	3,580E+2
1,200E+2	3,330E+2
1,210E+2	3,070E+2
1,220E+2	2,820E+2
1,230E+2	2,570E+2
1,240E+2	2,340E+2
1,250E+2	2,110E+2
1,260E+2	1,880E+2
1,270E+2	1,660E+2
1,280E+2	1,450E+2
1,290E+2	1,230E+2
1,300E+2	1,030E+2
1,310E+2	8,330E+1
1,320E+2	6,460E+1
1,330E+2	4,650E+1
1,340E+2	2,960E+1
1,350E+2	1,450E+1
1,360E+2	3,560E+0
1,370E+2	6,940E-1
1,380E+2	1,760E-1
1,390E+2	8,380E-2
1,400E+2	5,100E-2
1,410E+2	3,800E-2
1,420E+2	3,040E-2
1,430E+2	2,520E-2
1,440E+2	2,140E-2
1,450E+2	1,820E-2
1,460E+2	1,600E-2
1,470E+2	1,410E-2
1,480E+2	1,250E-2
1,490E+2	1,120E-2
1,500E+2	1,010E-2
1,510E+2	9,130E-3
1,520E+2	8,310E-3
1,530E+2	7,330E-3
1,540E+2	6,850E-3
1,550E+2	6,430E-3
1,560E+2	6,050E-3
1,570E+2	5,700E-3
1,580E+2	5,390E-3
1,590E+2	5,100E-3
1,600E+2	4,840E-3
1,610E+2	4,600E-3
1,620E+2	4,370E-3
1,630E+2	4,170E-3
1,640E+2	3,980E-3
1,650E+2	3,800E-3
1,660E+2	3,640E-3
1,670E+2	3,490E-3
1,680E+2	3,350E-3
1,690E+2	3,220E-3
1,700E+2	3,100E-3
1,710E+2	2,980E-3
1,720E+2	2,880E-3
1,730E+2	2,770E-3
1,740E+2	2,670E-3
1,750E+2	2,580E-3
1,760E+2	2,500E-3
1,770E+2	2,410E-3
1,780E+2	2,340E-3
1,790E+2	2,270E-3
1,800E+2	2,200E-3
1,810E+2	2,130E-3
1,820E+2	2,070E-3
1,830E+2	2,020E-3
1,840E+2	1,960E-3
1,850E+2	1,900E-3
1,860E+2	1,850E-3
1,870E+2	1,800E-3
1,880E+2	1,760E-3
1,890E+2	1,710E-3
1,900E+2	1,670E-3
1,910E+2	1,630E-3
1,920E+2	1,590E-3
1,930E+2	1,550E-3
1,940E+2	1,520E-3
1,950E+2	1,480E-3
1,960E+2	1,450E-3
1,970E+2	1,410E-3
1,980E+2	1,380E-3
1,990E+2	1,350E-3
2,000E+2	1,320E-3
2,010E+2	1,300E-3
2,020E+2	1,270E-3
2,030E+2	1,240E-3
2,040E+2	1,220E-3
2,050E+2	1,190E-3
2,060E+2	1,170E-3
2,070E+2	1,150E-3
2,080E+2	1,130E-3
2,090E+2	1,100E-3
2,100E+2	1,080E-3
2,110E+2	1,060E-3
2,120E+2	1,050E-3
2,130E+2	1,030E-3
2,140E+2	1,010E-3
2,150E+2	9,910E-4
2,160E+2	9,740E-4
2,170E+2	9,570E-4
2,180E+2	9,420E-4
2,190E+2	9,260E-4
2,200E+2	9,100E-4
2,210E+2	8,970E-4
2,220E+2	8,820E-4
2,230E+2	8,680E-4
2,240E+2	8,550E-4
2,250E+2	8,410E-4
2,260E+2	8,280E-4
2,270E+2	8,150E-4
2,280E+2	8,030E-4
2,290E+2	7,910E-4
2,300E+2	7,800E-4
2,310E+2	7,690E-4
2,320E+2	7,570E-4
2,330E+2	7,480E-4
2,340E+2	7,360E-4
2,350E+2	7,260E-4
2,360E+2	7,160E-4
2,370E+2	7,060E-4
2,380E+2	6,970E-4
2,390E+2	6,870E-4
2,400E+2	6,790E-4
2,410E+2	6,700E-4
2,420E+2	6,610E-4
2,430E+2	6,530E-4
2,440E+2	6,440E-4
2,450E+2	6,360E-4
2,460E+2	6,280E-4
2,470E+2	6,210E-4
2,480E+2	6,130E-4
2,490E+2	6,060E-4
2,500E+2	5,990E-4
2,510E+2	5,920E-4
2,520E+2	5,850E-4
2,530E+2	5,790E-4
2,540E+2	5,720E-4
2,550E+2	5,670E-4
2,560E+2	5,610E-4
2,570E+2	5,550E-4
2,580E+2	5,500E-4
2,590E+2	5,450E-4
2,600E+2	5,390E-4
2,610E+2	5,350E-4
2,620E+2	5,300E-4
2,630E+2	5,260E-4
2,640E+2	5,210E-4
2,650E+2	5,170E-4
2,660E+2	5,130E-4
2,670E+2	5,090E-4
2,680E+2	5,040E-4
2,690E+2	5,010E-4
2,700E+2	4,960E-4
2,710E+2	4,920E-4
2,720E+2	4,880E-4
2,730E+2	4,850E-4
2,740E+2	4,810E-4
2,750E+2	4,780E-4
2,760E+2	4,740E-4
2,770E+2	4,700E-4
2,780E+2	4,670E-4
2,790E+2	6,280E-4
2,800E+2	1,010E-3
2,810E+2	7,430E-4
2,820E+2	6,430E-4
2,830E+2	5,880E-4
2,840E+2	5,510E-4
2,850E+2	5,270E-4
2,860E+2	5,100E-4
2,870E+2	4,950E-4
2,880E+2	4,840E-4
2,890E+2	4,760E-4
2,900E+2	4,690E-4
2,910E+2	4,620E-4
2,920E+2	4,570E-4
2,930E+2	4,520E-4
2,940E+2	4,470E-4
2,950E+2	4,440E-4
2,960E+2	4,560E-4
2,970E+2	4,530E-4
2,980E+2	4,490E-4
2,990E+2	4,460E-4
3,000E+2	4,420E-4
3,010E+2	4,390E-4
3,020E+2	4,350E-4
3,030E+2	4,320E-4
3,040E+2	4,290E-4
3,050E+2	4,260E-4
3,060E+2	4,230E-4
3,070E+2	4,190E-4
3,080E+2	4,170E-4
3,090E+2	4,140E-4
3,100E+2	4,110E-4
3,110E+2	4,090E-4
3,120E+2	4,060E-4
3,130E+2	4,030E-4
3,140E+2	4,010E-4
3,150E+2	3,980E-4
3,160E+2	3,960E-4
3,170E+2	3,930E-4
3,180E+2	3,910E-4
3,190E+2	3,880E-4
3,200E+2	3,870E-4
3,210E+2	3,840E-4
3,220E+2	3,820E-4
3,230E+2	3,790E-4
3,240E+2	3,770E-4
3,250E+2	3,750E-4
3,260E+2	3,730E-4
3,270E+2	3,710E-4
3,280E+2	3,690E-4
3,290E+2	3,670E-4
3,300E+2	3,650E-4
3,310E+2	3,630E-4
3,320E+2	3,620E-4
3,330E+2	3,590E-4
3,340E+2	3,580E-4
3,350E+2	3,560E-4
3,360E+2	3,540E-4
3,370E+2	3,530E-4
3,380E+2	3,510E-4
3,390E+2	3,490E-4
3,400E+2	3,470E-4
3,410E+2	3,460E-4
3,420E+2	3,440E-4
3,430E+2	3,430E-4
3,440E+2	3,410E-4
3,450E+2	3,390E-4
3,460E+2	3,370E-4
3,470E+2	3,360E-4
3,480E+2	3,340E-4
3,490E+2	3,330E-4
3,500E+2	3,310E-4
3,510E+2	3,300E-4
3,520E+2	3,280E-4
3,530E+2	3,270E-4
3,540E+2	3,250E-4
3,550E+2	3,240E-4
3,560E+2	3,220E-4
3,570E+2	3,210E-4
3,580E+2	3,190E-4
3,590E+2	3,180E-4
3,600E+2	3,160E-4
3,610E+2	3,150E-4
3,620E+2	3,140E-4
3,630E+2	3,120E-4
3,640E+2	3,110E-4
3,650E+2	3,100E-4
3,660E+2	3,090E-4
3,670E+2	3,070E-4
3,680E+2	3,060E-4
3,690E+2	3,050E-4
3,700E+2	3,030E-4
3,710E+2	3,020E-4
3,720E+2	3,010E-4
3,730E+2	3,000E-4
3,740E+2	2,980E-4
3,750E+2	2,970E-4
3,760E+2	2,960E-4
3,770E+2	2,940E-4
3,780E+2	2,940E-4
3,790E+2	2,920E-4
3,800E+2	2,910E-4
3,810E+2	2,910E-4
3,820E+2	2,890E-4
3,830E+2	2,880E-4
3,840E+2	2,870E-4
3,850E+2	2,860E-4
3,860E+2	2,850E-4
3,870E+2	2,830E-4
3,880E+2	2,820E-4
3,890E+2	2,810E-4
3,900E+2	2,810E-4
3,910E+2	2,790E-4
3,920E+2	2,780E-4
3,930E+2	2,770E-4
3,940E+2	2,750E-4
3,950E+2	2,750E-4
3,960E+2	2,730E-4
3,970E+2	2,720E-4
3,980E+2	2,710E-4
3,990E+2	2,700E-4
4,000E+2	2,690E-4
4,010E+2	2,680E-4
4,020E+2	2,670E-4
4,030E+2	2,660E-4
4,040E+2	2,640E-4
4,050E+2	2,640E-4
4,060E+2	2,630E-4
4,070E+2	2,620E-4
4,080E+2	2,610E-4
4,090E+2	2,600E-4
4,100E+2	2,590E-4
4,110E+2	2,580E-4
4,120E+2	2,570E-4
4,130E+2	2,570E-4
4,140E+2	2,560E-4
4,150E+2	2,550E-4
4,160E+2	2,540E-4
4,170E+2	2,530E-4
4,180E+2	2,530E-4
4,190E+2	2,520E-4
4,200E+2	2,510E-4
4,210E+2	2,500E-4
4,220E+2	2,490E-4
4,230E+2	2,480E-4
4,240E+2	2,470E-4
4,250E+2	2,470E-4
4,260E+2	2,450E-4
4,270E+2	2,450E-4
4,280E+2	2,440E-4
4,290E+2	2,430E-4
4,300E+2	2,430E-4
4,310E+2	2,420E-4
4,320E+2	2,410E-4
4,330E+2	2,400E-4
4,340E+2	2,390E-4
4,350E+2	2,390E-4
4,360E+2	2,380E-4
4,370E+2	2,370E-4
4,380E+2	2,360E-4
4,390E+2	2,350E-4
4,400E+2	2,350E-4
4,410E+2	2,340E-4
4,420E+2	2,330E-4
4,430E+2	2,320E-4
4,440E+2	2,320E-4
4,450E+2	2,310E-4
4,460E+2	2,300E-4
4,470E+2	2,290E-4
4,480E+2	2,290E-4
4,490E+2	2,280E-4
4,500E+2	2,270E-4
4,510E+2	2,260E-4
4,520E+2	2,250E-4
4,530E+2	2,250E-4
4,540E+2	2,250E-4
4,550E+2	2,240E-4
4,560E+2	2,230E-4
4,570E+2	2,230E-4
4,580E+2	2,220E-4
4,590E+2	2,210E-4
4,600E+2	2,210E-4
4,610E+2	2,200E-4
4,620E+2	2,190E-4
4,630E+2	2,180E-4
4,640E+2	2,180E-4
4,650E+2	2,170E-4
4,660E+2	2,160E-4
4,670E+2	2,160E-4
4,680E+2	2,150E-4
4,690E+2	2,150E-4
4,700E+2	2,140E-4
4,710E+2	2,130E-4
4,720E+2	2,130E-4
4,730E+2	2,120E-4
4,740E+2	2,120E-4
4,750E+2	2,110E-4
4,760E+2	2,100E-4
4,770E+2	2,100E-4
4,780E+2	2,090E-4
4,790E+2	2,090E-4
4,800E+2	2,080E-4
4,810E+2	2,070E-4
4,820E+2	2,070E-4
4,830E+2	2,060E-4
4,840E+2	2,060E-4
4,850E+2	2,050E-4
4,860E+2	2,050E-4
4,870E+2	2,040E-4
4,880E+2	2,030E-4
4,890E+2	2,030E-4
4,900E+2	2,020E-4
4,910E+2	2,020E-4
4,920E+2	2,020E-4
4,930E+2	2,010E-4
4,940E+2	2,000E-4
4,950E+2	2,000E-4
4,960E+2	1,990E-4
4,970E+2	1,990E-4
4,980E+2	1,980E-4
4,990E+2	1,970E-4
5,000E+2	1,970E-4
5,010E+2	1,970E-4
5,020E+2	1,960E-4
5,030E+2	1,960E-4
5,040E+2	1,950E-4
5,050E+2	1,950E-4
5,060E+2	1,940E-4
5,070E+2	1,940E-4
5,080E+2	1,930E-4
5,090E+2	1,930E-4
5,100E+2	1,920E-4
5,110E+2	1,920E-4
5,120E+2	1,910E-4
5,130E+2	1,910E-4
5,140E+2	1,900E-4
5,150E+2	1,900E-4
5,160E+2	1,890E-4
5,170E+2	1,890E-4
5,180E+2	1,880E-4
5,190E+2	1,880E-4
5,200E+2	1,870E-4
5,210E+2	1,870E-4
5,220E+2	1,860E-4
5,230E+2	1,860E-4
5,240E+2	1,850E-4
5,250E+2	1,850E-4
5,260E+2	1,850E-4
5,270E+2	1,840E-4
5,280E+2	1,840E-4
5,290E+2	1,830E-4
5,300E+2	1,830E-4
5,310E+2	1,820E-4
5,320E+2	1,820E-4
5,330E+2	1,810E-4
5,340E+2	1,810E-4
5,350E+2	1,810E-4
5,360E+2	1,800E-4
5,370E+2	1,800E-4
5,380E+2	1,790E-4
5,390E+2	1,790E-4
5,400E+2	1,790E-4
5,410E+2	1,780E-4
5,420E+2	1,780E-4
5,430E+2	1,770E-4
5,440E+2	1,770E-4
5,450E+2	1,760E-4
5,460E+2	1,760E-4
5,470E+2	1,760E-4
5,480E+2	1,750E-4
5,490E+2	1,750E-4
5,500E+2	1,740E-4
5,510E+2	1,740E-4
5,520E+2	1,740E-4
5,530E+2	1,730E-4
5,540E+2	1,730E-4
5,550E+2	1,720E-4
5,560E+2	1,720E-4
5,570E+2	1,720E-4
5,580E+2	1,710E-4
5,590E+2	1,710E-4
5,600E+2	1,710E-4
5,610E+2	1,700E-4
5,620E+2	1,700E-4
5,630E+2	1,690E-4
5,640E+2	1,680E-4
5,650E+2	1,670E-4
5,660E+2	1,660E-4
5,670E+2	1,660E-4
5,680E+2	1,670E-4
5,690E+2	1,670E-4
5,700E+2	1,670E-4
5,710E+2	1,660E-4
5,720E+2	1,660E-4
5,730E+2	1,660E-4
5,740E+2	1,650E-4
5,750E+2	1,650E-4
5,760E+2	1,650E-4
5,770E+2	1,640E-4
5,780E+2	1,640E-4
5,790E+2	1,640E-4
5,800E+2	1,630E-4
5,810E+2	1,630E-4
5,820E+2	1,630E-4
5,830E+2	1,620E-4
5,840E+2	1,620E-4
5,850E+2	1,620E-4
5,860E+2	1,610E-4
5,870E+2	1,610E-4
5,880E+2	1,610E-4
5,890E+2	1,600E-4
5,900E+2	1,600E-4
5,910E+2	1,600E-4
5,920E+2	1,590E-4
5,930E+2	1,590E-4
5,940E+2	1,590E-4
5,950E+2	1,580E-4
5,960E+2	1,580E-4
5,970E+2	1,580E-4
5,980E+2	1,580E-4
5,990E+2	1,570E-4
6,000E+2	1,570E-4
6,010E+2	1,570E-4
6,020E+2	1,560E-4
6,030E+2	1,560E-4
6,040E+2	1,560E-4
6,050E+2	1,550E-4
6,060E+2	1,550E-4
6,070E+2	1,550E-4
6,080E+2	1,550E-4
6,090E+2	1,550E-4
6,100E+2	1,540E-4
6,110E+2	1,540E-4
6,120E+2	1,540E-4
6,130E+2	1,540E-4
6,140E+2	1,540E-4
6,150E+2	1,530E-4
6,160E+2	1,530E-4
6,170E+2	1,530E-4
6,180E+2	1,530E-4
6,190E+2	1,530E-4
6,200E+2	1,530E-4
6,210E+2	1,530E-4
6,220E+2	1,530E-4
6,230E+2	1,530E-4
6,240E+2	1,530E-4
6,250E+2	1,530E-4
6,260E+2	1,530E-4
6,270E+2	1,530E-4
6,280E+2	1,530E-4
6,290E+2	1,530E-4
6,300E+2	1,530E-4
6,310E+2	1,540E-4
6,320E+2	1,540E-4
6,330E+2	1,540E-4
6,340E+2	1,540E-4
6,350E+2	1,540E-4
6,360E+2	1,540E-4
6,370E+2	1,540E-4
6,380E+2	1,550E-4
6,390E+2	1,550E-4
6,400E+2	1,550E-4
6,410E+2	1,550E-4
6,420E+2	1,560E-4
6,430E+2	1,560E-4
6,440E+2	1,560E-4
6,450E+2	1,570E-4
6,460E+2	1,570E-4
6,470E+2	1,570E-4
6,480E+2	1,580E-4
6,490E+2	1,580E-4
6,500E+2	1,590E-4
6,510E+2	1,590E-4
6,520E+2	1,600E-4
6,530E+2	1,600E-4
6,540E+2	1,610E-4
6,550E+2	1,610E-4
6,560E+2	1,620E-4
6,570E+2	1,630E-4
6,580E+2	1,630E-4
6,590E+2	1,640E-4
6,600E+2	1,640E-4
6,610E+2	1,650E-4
6,620E+2	1,660E-4
6,630E+2	1,670E-4
6,640E+2	1,670E-4
6,650E+2	1,680E-4
6,660E+2	1,690E-4
6,670E+2	1,700E-4
6,680E+2	1,710E-4
6,690E+2	1,720E-4
6,700E+2	1,720E-4
6,710E+2	1,730E-4
6,720E+2	1,740E-4
6,730E+2	1,750E-4
6,740E+2	1,770E-4
6,750E+2	1,780E-4
6,760E+2	1,790E-4
6,770E+2	1,800E-4
6,780E+2	1,810E-4
6,790E+2	1,820E-4
6,800E+2	1,830E-4
6,810E+2	1,840E-4
6,820E+2	1,850E-4
6,830E+2	1,860E-4
6,840E+2	1,880E-4
6,850E+2	1,890E-4
6,860E+2	1,900E-4
6,870E+2	1,910E-4
6,880E+2	1,930E-4
6,890E+2	1,940E-4
6,900E+2	1,960E-4
6,910E+2	1,970E-4
6,920E+2	1,990E-4
6,930E+2	2,000E-4
6,940E+2	2,010E-4
6,950E+2	2,030E-4
6,960E+2	2,040E-4
6,970E+2	2,060E-4
6,980E+2	2,070E-4
6,990E+2	2,090E-4
7,000E+2	2,110E-4
7,010E+2	2,120E-4
7,020E+2	2,140E-4
7,030E+2	2,150E-4
7,040E+2	2,170E-4
7,050E+2	2,190E-4
7,060E+2	2,200E-4
7,070E+2	2,220E-4
7,080E+2	2,240E-4
7,090E+2	2,250E-4
7,100E+2	2,270E-4
7,110E+2	2,280E-4
7,120E+2	2,300E-4
7,130E+2	2,320E-4
7,140E+2	2,330E-4
7,150E+2	2,350E-4
7,160E+2	2,370E-4
7,170E+2	2,390E-4
7,180E+2	2,400E-4
7,190E+2	2,420E-4
7,200E+2	2,440E-4
7,210E+2	2,450E-4
7,220E+2	2,470E-4
7,230E+2	2,490E-4
7,240E+2	2,500E-4
7,250E+2	2,520E-4
7,260E+2	2,540E-4
7,270E+2	2,550E-4
7,280E+2	2,570E-4
7,290E+2	2,590E-4
7,300E+2	2,600E-4
7,310E+2	2,620E-4
7,320E+2	2,640E-4
7,330E+2	2,650E-4
7,340E+2	2,670E-4
7,350E+2	2,690E-4
7,360E+2	2,700E-4
7,370E+2	2,720E-4
7,380E+2	2,730E-4
7,390E+2	2,750E-4
7,400E+2	2,770E-4
7,410E+2	2,780E-4
7,420E+2	2,800E-4
7,430E+2	2,810E-4
7,440E+2	2,830E-4
7,450E+2	2,840E-4
7,460E+2	2,860E-4
7,470E+2	2,870E-4
7,480E+2	2,880E-4
7,490E+2	2,900E-4
7,500E+2	2,910E-4
7,510E+2	2,930E-4
7,520E+2	2,940E-4
7,530E+2	2,950E-4
7,540E+2	2,970E-4
7,550E+2	2,980E-4
7,560E+2	2,990E-4
7,570E+2	3,000E-4
7,580E+2	3,020E-4
7,590E+2	3,030E-4
7,600E+2	3,040E-4
7,610E+2	3,050E-4
7,620E+2	3,070E-4
7,630E+2	3,080E-4
7,640E+2	3,090E-4
7,650E+2	3,100E-4
7,660E+2	3,110E-4
7,670E+2	3,130E-4
7,680E+2	3,140E-4
7,690E+2	3,150E-4
7,700E+2	3,160E-4
7,710E+2	3,170E-4
7,720E+2	3,180E-4
7,730E+2	3,190E-4
7,740E+2	3,200E-4
7,750E+2	3,210E-4
7,760E+2	3,220E-4
7,770E+2	3,230E-4
7,780E+2	3,240E-4
7,790E+2	3,250E-4
7,800E+2	3,260E-4
7,810E+2	3,270E-4
7,820E+2	3,280E-4
7,830E+2	3,280E-4
7,840E+2	3,300E-4
7,850E+2	3,300E-4
7,860E+2	3,310E-4
7,870E+2	3,320E-4
7,880E+2	3,330E-4
7,890E+2	3,340E-4
7,900E+2	3,340E-4
7,910E+2	3,350E-4
7,920E+2	3,350E-4
7,930E+2	3,370E-4
7,940E+2	3,370E-4
7,950E+2	3,380E-4
7,960E+2	3,390E-4
7,970E+2	3,400E-4
7,980E+2	3,400E-4
7,990E+2	3,400E-4
8,000E+2	3,410E-4
8,010E+2	3,420E-4
8,020E+2	3,420E-4
8,030E+2	3,430E-4
8,040E+2	3,430E-4
8,050E+2	3,430E-4
8,060E+2	3,440E-4
8,070E+2	3,440E-4
8,080E+2	3,450E-4
8,090E+2	3,450E-4
8,100E+2	3,460E-4
8,110E+2	3,460E-4
8,120E+2	3,470E-4
8,130E+2	3,470E-4
8,140E+2	3,470E-4
8,150E+2	3,480E-4
8,160E+2	3,480E-4
8,170E+2	3,490E-4
8,180E+2	3,490E-4
8,190E+2	3,500E-4
8,200E+2	3,490E-4
8,210E+2	3,500E-4
8,220E+2	3,500E-4
8,230E+2	3,510E-4
8,240E+2	3,510E-4
8,250E+2	3,510E-4
8,260E+2	3,510E-4
8,270E+2	3,520E-4
8,280E+2	3,520E-4
8,290E+2	3,520E-4
8,300E+2	3,520E-4
8,310E+2	3,520E-4
8,320E+2	3,520E-4
8,330E+2	3,520E-4
8,340E+2	3,520E-4
8,350E+2	3,530E-4
8,360E+2	3,520E-4
8,370E+2	3,530E-4
8,380E+2	3,530E-4
8,390E+2	3,530E-4
8,400E+2	3,520E-4
8,410E+2	3,530E-4
8,420E+2	3,530E-4
8,430E+2	3,530E-4
8,440E+2	3,530E-4
8,450E+2	3,530E-4
8,460E+2	3,530E-4
8,470E+2	3,530E-4
8,480E+2	3,530E-4
8,490E+2	3,520E-4
8,500E+2	3,530E-4
8,510E+2	3,530E-4
8,520E+2	3,530E-4
8,530E+2	3,530E-4
8,540E+2	3,530E-4
8,550E+2	3,530E-4
8,560E+2	3,520E-4
8,570E+2	3,520E-4
8,580E+2	3,530E-4
8,590E+2	3,530E-4
8,600E+2	3,520E-4
8,610E+2	3,520E-4
8,620E+2	3,520E-4
8,630E+2	3,520E-4
8,640E+2	3,520E-4
8,650E+2	3,520E-4
8,660E+2	3,510E-4
8,670E+2	3,510E-4
8,680E+2	3,510E-4
8,690E+2	3,510E-4
8,700E+2	3,500E-4
8,710E+2	3,510E-4
8,720E+2	3,510E-4
8,730E+2	3,500E-4
8,740E+2	3,500E-4
8,750E+2	3,490E-4
8,760E+2	3,500E-4
8,770E+2	3,490E-4
8,780E+2	3,490E-4
8,790E+2	3,480E-4
8,800E+2	3,480E-4
8,810E+2	3,490E-4
8,820E+2	3,480E-4
8,830E+2	3,470E-4
8,840E+2	3,470E-4
8,850E+2	3,480E-4
8,860E+2	3,470E-4
8,870E+2	3,470E-4
8,880E+2	3,470E-4
8,890E+2	3,460E-4
8,900E+2	3,460E-4
8,910E+2	3,460E-4
8,920E+2	3,460E-4
8,930E+2	3,450E-4
8,940E+2	3,450E-4
8,950E+2	3,450E-4
8,960E+2	3,440E-4
8,970E+2	3,440E-4
8,980E+2	3,430E-4
8,990E+2	3,430E-4
9,000E+2	3,430E-4
9,010E+2	3,430E-4
9,020E+2	3,420E-4
9,030E+2	3,420E-4
9,040E+2	3,420E-4
9,050E+2	3,420E-4
9,060E+2	3,410E-4
9,070E+2	3,410E-4
9,080E+2	3,400E-4
9,090E+2	3,400E-4
9,100E+2	3,400E-4
9,110E+2	3,400E-4
9,120E+2	3,390E-4
9,130E+2	3,390E-4
9,140E+2	3,390E-4
9,150E+2	3,380E-4
9,160E+2	3,380E-4
9,170E+2	3,370E-4
9,180E+2	3,370E-4
9,190E+2	3,370E-4
9,200E+2	3,360E-4
9,210E+2	3,350E-4
9,220E+2	3,350E-4
9,230E+2	3,340E-4
9,240E+2	3,340E-4
9,250E+2	3,340E-4
9,260E+2	3,340E-4
9,270E+2	3,330E-4
9,280E+2	3,330E-4
9,290E+2	3,320E-4
9,300E+2	3,320E-4
9,310E+2	3,320E-4
9,320E+2	3,320E-4
9,330E+2	3,310E-4
9,340E+2	3,300E-4
9,350E+2	3,300E-4
9,360E+2	3,300E-4
9,370E+2	3,290E-4
9,380E+2	3,290E-4
9,390E+2	3,280E-4
9,400E+2	3,280E-4
9,410E+2	3,280E-4
9,420E+2	3,270E-4
9,430E+2	3,270E-4
9,440E+2	3,260E-4
9,450E+2	3,260E-4
9,460E+2	3,260E-4
9,470E+2	3,250E-4
9,480E+2	3,250E-4
9,490E+2	3,250E-4
9,500E+2	3,240E-4
9,510E+2	3,240E-4
9,520E+2	3,230E-4
9,530E+2	3,220E-4
9,540E+2	3,220E-4
9,550E+2	3,220E-4
9,560E+2	3,220E-4
9,570E+2	3,210E-4
9,580E+2	3,210E-4
9,590E+2	3,200E-4
9,600E+2	3,200E-4
9,610E+2	3,190E-4
9,620E+2	3,190E-4
9,630E+2	3,190E-4
9,640E+2	3,180E-4
9,650E+2	3,180E-4
9,660E+2	3,170E-4
9,670E+2	3,170E-4
9,680E+2	3,170E-4
9,690E+2	3,160E-4
9,700E+2	3,160E-4
9,710E+2	3,150E-4
9,720E+2	3,150E-4
9,730E+2	3,140E-4
9,740E+2	3,140E-4
9,750E+2	3,130E-4
9,760E+2	3,130E-4
9,770E+2	3,130E-4
9,780E+2	3,120E-4
9,790E+2	3,110E-4
9,800E+2	3,120E-4
9,810E+2	3,110E-4
9,820E+2	3,100E-4
9,830E+2	3,100E-4
9,840E+2	3,100E-4
9,850E+2	3,090E-4
9,860E+2	3,090E-4
9,870E+2	3,090E-4
9,880E+2	3,080E-4
9,890E+2	3,080E-4
9,900E+2	3,070E-4
9,910E+2	3,070E-4
9,920E+2	3,060E-4
9,930E+2	3,060E-4
9,940E+2	3,060E-4
9,950E+2	3,050E-4
9,960E+2	3,050E-4
9,970E+2	3,040E-4
9,980E+2	3,040E-4
9,990E+2	3,030E-4
1,000E+3	3,030E-4
1,001E+3	3,030E-4
1,002E+3	3,020E-4
1,003E+3	3,020E-4
1,004E+3	3,010E-4
1,005E+3	3,010E-4
1,006E+3	3,000E-4
1,007E+3	3,000E-4
1,008E+3	3,000E-4
1,009E+3	3,000E-4
1,010E+3	3,000E-4
1,011E+3	2,990E-4
1,012E+3	2,990E-4
1,013E+3	2,980E-4
1,014E+3	2,980E-4
1,015E+3	2,970E-4
1,016E+3	2,970E-4
1,017E+3	2,960E-4
1,018E+3	2,960E-4
1,019E+3	2,960E-4
1,020E+3	2,950E-4
1,021E+3	2,950E-4
1,022E+3	2,950E-4
1,023E+3	2,940E-4
1,024E+3	2,940E-4
1,025E+3	2,940E-4
1,026E+3	2,930E-4
1,027E+3	2,930E-4
1,028E+3	2,920E-4
1,029E+3	2,920E-4
1,030E+3	2,920E-4
1,031E+3	2,910E-4
1,032E+3	2,910E-4
1,033E+3	2,900E-4
1,034E+3	2,900E-4
1,035E+3	2,900E-4
1,036E+3	2,900E-4
1,037E+3	2,890E-4
1,038E+3	2,890E-4
1,039E+3	2,880E-4
1,040E+3	2,880E-4
1,041E+3	2,880E-4
1,042E+3	2,870E-4
1,043E+3	2,870E-4
1,044E+3	2,870E-4
1,045E+3	2,860E-4
1,046E+3	2,860E-4
1,047E+3	2,860E-4
1,048E+3	2,850E-4
1,049E+3	2,850E-4
1,050E+3	2,850E-4
1,051E+3	2,840E-4
1,052E+3	2,840E-4
1,053E+3	2,830E-4
1,054E+3	2,830E-4
1,055E+3	2,830E-4
1,056E+3	2,820E-4
1,057E+3	2,820E-4
1,058E+3	2,820E-4
1,059E+3	2,820E-4
1,060E+3	2,810E-4
1,061E+3	2,810E-4
1,062E+3	2,810E-4
1,063E+3	2,800E-4
1,064E+3	2,800E-4
1,065E+3	2,800E-4
1,066E+3	2,790E-4
1,067E+3	2,790E-4
1,068E+3	2,780E-4
1,069E+3	2,780E-4
1,070E+3	2,780E-4
1,071E+3	2,780E-4
1,072E+3	2,770E-4
1,073E+3	2,770E-4
1,074E+3	2,730E-4
1,075E+3	2,730E-4
1,076E+3	2,720E-4
1,077E+3	2,750E-4
1,078E+3	2,750E-4
1,079E+3	2,750E-4
1,080E+3	2,750E-4
1,081E+3	2,740E-4
1,082E+3	2,740E-4
1,083E+3	2,730E-4
1,084E+3	2,730E-4
1,085E+3	2,730E-4
1,086E+3	2,730E-4
1,087E+3	2,720E-4
1,088E+3	2,720E-4
1,089E+3	2,720E-4
1,090E+3	2,710E-4
1,091E+3	2,710E-4
1,092E+3	2,710E-4
1,093E+3	2,710E-4
1,094E+3	2,710E-4
1,095E+3	2,700E-4
1,096E+3	2,700E-4
1,097E+3	2,690E-4
1,098E+3	2,690E-4
1,099E+3	2,690E-4
1,100E+3	2,690E-4
1,101E+3	2,690E-4
1,102E+3	2,680E-4
1,103E+3	2,680E-4
1,104E+3	2,670E-4
1,105E+3	2,670E-4
1,106E+3	2,660E-4
1,107E+3	2,660E-4
1,108E+3	2,650E-4
1,109E+3	2,650E-4
1,110E+3	2,640E-4
1,111E+3	2,630E-4
1,112E+3	2,630E-4
1,113E+3	2,620E-4
1,114E+3	2,610E-4
1,115E+3	2,600E-4
1,116E+3	2,590E-4
1,117E+3	2,580E-4
1,118E+3	2,580E-4
1,119E+3	2,570E-4
1,120E+3	2,550E-4
1,121E+3	2,540E-4
1,122E+3	2,530E-4
1,123E+3	2,520E-4
1,124E+3	2,510E-4
1,125E+3	2,500E-4
1,126E+3	2,490E-4
1,127E+3	2,480E-4
1,128E+3	2,460E-4
1,129E+3	2,450E-4
1,130E+3	2,440E-4
1,131E+3	2,430E-4
1,132E+3	2,420E-4
1,133E+3	2,410E-4
1,134E+3	2,390E-4
1,135E+3	2,380E-4
1,136E+3	2,370E-4
1,137E+3	2,350E-4
1,138E+3	2,340E-4
1,139E+3	2,330E-4
1,140E+3	2,310E-4
1,141E+3	2,300E-4
1,142E+3	2,290E-4
1,143E+3	2,280E-4
1,144E+3	2,260E-4
1,145E+3	2,250E-4
1,146E+3	2,240E-4
1,147E+3	2,220E-4
1,148E+3	2,210E-4
1,149E+3	2,200E-4
1,150E+3	2,190E-4
1,151E+3	2,180E-4
1,152E+3	2,160E-4
1,153E+3	2,150E-4
1,154E+3	2,140E-4
1,155E+3	2,130E-4
1,156E+3	2,120E-4
1,157E+3	2,100E-4
1,158E+3	2,090E-4
1,159E+3	2,080E-4
1,160E+3	2,070E-4
1,161E+3	2,050E-4
1,162E+3	2,040E-4
1,163E+3	2,030E-4
1,164E+3	2,020E-4
1,165E+3	2,010E-4
1,166E+3	2,000E-4
1,167E+3	1,990E-4
1,168E+3	1,970E-4
1,169E+3	1,960E-4
1,170E+3	1,950E-4
1,171E+3	1,940E-4
1,172E+3	1,930E-4
1,173E+3	1,920E-4
1,174E+3	1,910E-4
1,175E+3	1,900E-4
1,176E+3	1,890E-4
1,177E+3	1,880E-4
1,178E+3	1,870E-4
1,179E+3	1,860E-4
1,180E+3	1,850E-4
1,181E+3	1,840E-4
1,182E+3	1,830E-4
1,183E+3	1,820E-4
1,184E+3	1,810E-4
1,185E+3	1,790E-4
1,186E+3	1,790E-4
1,187E+3	1,780E-4
1,188E+3	1,770E-4
1,189E+3	1,760E-4
1,190E+3	1,750E-4
1,191E+3	1,740E-4
1,192E+3	1,730E-4
1,193E+3	1,720E-4
1,194E+3	1,710E-4
1,195E+3	1,700E-4
1,196E+3	1,690E-4
1,197E+3	1,680E-4
1,198E+3	1,680E-4
1,199E+3	1,670E-4
1,200E+3	1,660E-4
1,201E+3	1,650E-4
1,202E+3	1,650E-4
1,203E+3	1,640E-4
1,204E+3	1,630E-4
1,205E+3	1,620E-4
1,206E+3	1,610E-4
1,207E+3	1,610E-4
1,208E+3	1,600E-4
1,209E+3	1,590E-4
1,210E+3	1,590E-4
1,211E+3	1,580E-4
1,212E+3	1,570E-4
1,213E+3	1,560E-4
1,214E+3	1,550E-4
1,215E+3	1,540E-4
1,216E+3	1,540E-4
1,217E+3	1,530E-4
1,218E+3	1,520E-4
1,219E+3	1,520E-4
1,220E+3	1,510E-4
1,221E+3	1,500E-4
1,222E+3	1,500E-4
1,223E+3	1,490E-4
1,224E+3	1,480E-4
1,225E+3	1,480E-4
1,226E+3	1,470E-4
1,227E+3	1,460E-4
1,228E+3	1,460E-4
1,229E+3	1,450E-4
1,230E+3	1,450E-4
1,231E+3	1,440E-4
1,232E+3	1,430E-4
1,233E+3	1,430E-4
1,234E+3	1,420E-4
1,235E+3	1,420E-4
1,236E+3	1,410E-4
1,237E+3	1,400E-4
1,238E+3	1,400E-4
1,239E+3	1,390E-4
1,240E+3	1,390E-4
1,241E+3	1,380E-4
1,242E+3	1,370E-4
1,243E+3	1,370E-4
1,244E+3	1,370E-4
1,245E+3	1,360E-4
1,246E+3	1,350E-4
1,247E+3	1,350E-4
1,248E+3	1,350E-4
1,249E+3	1,340E-4
1,250E+3	1,330E-4
1,251E+3	1,330E-4
1,252E+3	1,320E-4
1,253E+3	1,320E-4
1,254E+3	1,320E-4
1,255E+3	1,310E-4
1,256E+3	1,300E-4
1,257E+3	1,300E-4
1,258E+3	1,300E-4
1,259E+3	1,290E-4
1,260E+3	1,290E-4
1,261E+3	1,280E-4
1,262E+3	1,280E-4
1,263E+3	1,270E-4
1,264E+3	1,270E-4
1,265E+3	1,270E-4
1,266E+3	1,260E-4
1,267E+3	1,260E-4
1,268E+3	1,250E-4
1,269E+3	1,250E-4
1,270E+3	1,250E-4
1,271E+3	1,240E-4
1,272E+3	1,240E-4
1,273E+3	1,230E-4
1,274E+3	1,230E-4
1,275E+3	1,220E-4
1,276E+3	1,220E-4
1,277E+3	1,220E-4
1,278E+3	1,210E-4
1,279E+3	1,210E-4
1,280E+3	1,200E-4
1,281E+3	1,200E-4
1,282E+3	1,200E-4
1,283E+3	1,200E-4
1,284E+3	1,190E-4
1,285E+3	1,190E-4
1,286E+3	1,180E-4
1,287E+3	1,180E-4
1,288E+3	1,180E-4
1,289E+3	1,170E-4
1,290E+3	1,170E-4
1,291E+3	1,170E-4
1,292E+3	1,170E-4
1,293E+3	1,160E-4
1,294E+3	1,160E-4
1,295E+3	1,150E-4
1,296E+3	1,150E-4
1,297E+3	1,150E-4
1,298E+3	1,140E-4
1,299E+3	1,140E-4
1,300E+3	1,140E-4
1,301E+3	1,130E-4
1,302E+3	1,130E-4
1,303E+3	1,130E-4
1,304E+3	1,120E-4
1,305E+3	1,120E-4
1,306E+3	1,120E-4
1,307E+3	1,120E-4
1,308E+3	1,110E-4
1,309E+3	1,110E-4
1,310E+3	1,110E-4
1,311E+3	1,100E-4
1,312E+3	1,100E-4
1,313E+3	1,100E-4
1,314E+3	1,100E-4
1,315E+3	1,090E-4
1,316E+3	1,090E-4
1,317E+3	1,090E-4
1,318E+3	1,080E-4
1,319E+3	1,080E-4
1,320E+3	1,080E-4
1,321E+3	1,070E-4
1,322E+3	1,070E-4
1,323E+3	1,070E-4
1,324E+3	1,070E-4
1,325E+3	1,060E-4
1,326E+3	1,060E-4
1,327E+3	1,060E-4
1,328E+3	1,060E-4
1,329E+3	1,060E-4
1,330E+3	1,050E-4
1,331E+3	1,050E-4
1,332E+3	1,050E-4
1,333E+3	1,050E-4
1,334E+3	1,040E-4
1,335E+3	1,040E-4
1,336E+3	1,040E-4
1,337E+3	1,030E-4
1,338E+3	1,030E-4
1,339E+3	1,030E-4
1,340E+3	1,030E-4
1,341E+3	1,030E-4
1,342E+3	1,030E-4
1,343E+3	1,020E-4
1,344E+3	1,020E-4
1,345E+3	1,020E-4
1,346E+3	1,020E-4
1,347E+3	1,010E-4
1,348E+3	1,010E-4
1,349E+3	1,010E-4
1,350E+3	1,010E-4
1,351E+3	1,000E-4
1,352E+3	1,000E-4
1,353E+3	1,000E-4
1,354E+3	1,000E-4
1,355E+3	9,970E-5
1,356E+3	9,930E-5
1,357E+3	9,910E-5
1,358E+3	9,890E-5
1,359E+3	9,890E-5
1,360E+3	9,880E-5
1,361E+3	9,850E-5
1,362E+3	9,820E-5
1,363E+3	9,820E-5
1,364E+3	9,800E-5
1,365E+3	9,750E-5
1,366E+3	9,740E-5
1,367E+3	9,720E-5
1,368E+3	9,690E-5
1,369E+3	9,700E-5
1,370E+3	9,630E-5
1,371E+3	9,620E-5
1,372E+3	9,640E-5
1,373E+3	9,590E-5
1,374E+3	9,580E-5
1,375E+3	9,550E-5
1,376E+3	9,540E-5
1,377E+3	9,530E-5
1,378E+3	9,540E-5
1,379E+3	9,480E-5
1,380E+3	9,460E-5
1,381E+3	9,460E-5
1,382E+3	9,440E-5
1,383E+3	9,410E-5
1,384E+3	9,410E-5
1,385E+3	9,360E-5
1,386E+3	9,370E-5
1,387E+3	9,340E-5
1,388E+3	9,340E-5
1,389E+3	9,320E-5
1,390E+3	9,280E-5
1,391E+3	9,260E-5
1,392E+3	9,250E-5
1,393E+3	9,240E-5
1,394E+3	9,230E-5
1,395E+3	9,210E-5
1,396E+3	9,200E-5
1,397E+3	9,170E-5
1,398E+3	9,150E-5
1,399E+3	9,140E-5
1,400E+3	9,110E-5
1,401E+3	9,090E-5
1,402E+3	9,100E-5
1,403E+3	9,080E-5
1,404E+3	9,070E-5
1,405E+3	9,050E-5
1,406E+3	9,050E-5
1,407E+3	9,020E-5
1,408E+3	9,020E-5
1,409E+3	9,000E-5
1,410E+3	8,990E-5
1,411E+3	8,980E-5
1,412E+3	8,960E-5
1,413E+3	8,930E-5
1,414E+3	8,910E-5
1,415E+3	8,900E-5
1,416E+3	8,880E-5
1,417E+3	8,890E-5
1,418E+3	8,870E-5
1,419E+3	8,830E-5
1,420E+3	8,830E-5
1,421E+3	8,810E-5
1,422E+3	8,780E-5
1,423E+3	8,760E-5
1,424E+3	8,780E-5
1,425E+3	8,770E-5
1,426E+3	8,770E-5
1,427E+3	8,720E-5
1,428E+3	8,720E-5
1,429E+3	8,720E-5
1,430E+3	8,680E-5
1,431E+3	8,690E-5
1,432E+3	8,690E-5
1,433E+3	8,660E-5
1,434E+3	8,640E-5
1,435E+3	8,630E-5
1,436E+3	8,610E-5
1,437E+3	8,590E-5
1,438E+3	8,590E-5
1,439E+3	8,570E-5
1,440E+3	8,550E-5
1,441E+3	8,540E-5
1,442E+3	8,530E-5
1,443E+3	8,520E-5
1,444E+3	8,500E-5
1,445E+3	8,490E-5
1,446E+3	8,450E-5
1,447E+3	8,460E-5
1,448E+3	8,450E-5
1,449E+3	8,430E-5
1,450E+3	8,430E-5
1,451E+3	8,410E-5
1,452E+3	8,400E-5
1,453E+3	8,380E-5
1,454E+3	8,390E-5
1,455E+3	8,370E-5
1,456E+3	8,360E-5
1,457E+3	8,340E-5
1,458E+3	8,340E-5
1,459E+3	8,340E-5
1,460E+3	8,310E-5
1,461E+3	8,300E-5
1,462E+3	8,280E-5
1,463E+3	8,270E-5
1,464E+3	8,250E-5
1,465E+3	8,240E-5
1,466E+3	8,220E-5
1,467E+3	8,220E-5
1,468E+3	8,230E-5
1,469E+3	8,200E-5
1,470E+3	8,190E-5
1,471E+3	8,190E-5
1,472E+3	8,170E-5
1,473E+3	8,150E-5
1,474E+3	8,130E-5
1,475E+3	8,140E-5
1,476E+3	8,110E-5
1,477E+3	8,110E-5
1,478E+3	8,100E-5
1,479E+3	8,100E-5
1,480E+3	8,100E-5
1,481E+3	8,080E-5
1,482E+3	8,060E-5
1,483E+3	8,040E-5
1,484E+3	8,060E-5
1,485E+3	8,040E-5
1,486E+3	8,030E-5
1,487E+3	8,020E-5
1,488E+3	8,000E-5
1,489E+3	8,000E-5
1,490E+3	7,990E-5
1,491E+3	7,990E-5
1,492E+3	7,960E-5
1,493E+3	7,950E-5
1,494E+3	7,950E-5
1,495E+3	7,930E-5
1,496E+3	7,910E-5
1,497E+3	7,910E-5
1,498E+3	7,920E-5
1,499E+3	7,890E-5
1,500E+3	7,890E-5
1,501E+3	7,870E-5
1,502E+3	7,860E-5
1,503E+3	7,870E-5
1,504E+3	7,850E-5
1,505E+3	7,840E-5
1,506E+3	7,840E-5
1,507E+3	7,820E-5
1,508E+3	7,810E-5
1,509E+3	7,790E-5
1,510E+3	7,790E-5
1,511E+3	7,780E-5
1,512E+3	7,770E-5
1,513E+3	7,760E-5
1,514E+3	7,750E-5
1,515E+3	7,750E-5
1,516E+3	7,720E-5
1,517E+3	7,730E-5
1,518E+3	7,720E-5
1,519E+3	7,710E-5
1,520E+3	7,710E-5
1,521E+3	7,690E-5
1,522E+3	7,680E-5
1,523E+3	7,680E-5
1,524E+3	7,670E-5
1,525E+3	7,650E-5
1,526E+3	7,640E-5
1,527E+3	7,620E-5
1,528E+3	7,620E-5
1,529E+3	7,630E-5
1,530E+3	7,610E-5
1,531E+3	7,590E-5
1,532E+3	7,600E-5
1,533E+3	7,580E-5
1,534E+3	7,570E-5
1,535E+3	7,570E-5
1,536E+3	7,560E-5
1,537E+3	7,550E-5
1,538E+3	7,540E-5
1,539E+3	7,530E-5
1,540E+3	7,520E-5
1,541E+3	7,520E-5
1,542E+3	7,530E-5
1,543E+3	7,500E-5
1,544E+3	7,490E-5
1,545E+3	7,480E-5
1,546E+3	7,470E-5
1,547E+3	7,470E-5
1,548E+3	7,470E-5
1,549E+3	7,440E-5
1,550E+3	7,450E-5
1,551E+3	7,430E-5
1,552E+3	7,430E-5
1,553E+3	7,410E-5
1,554E+3	7,390E-5
1,555E+3	7,390E-5
1,556E+3	7,380E-5
1,557E+3	7,380E-5
1,558E+3	7,380E-5
1,559E+3	7,370E-5
1,560E+3	7,360E-5
1,561E+3	7,350E-5
1,562E+3	7,350E-5
1,563E+3	7,330E-5
1,564E+3	7,340E-5
1,565E+3	7,330E-5
1,566E+3	7,320E-5
1,567E+3	7,310E-5
1,568E+3	7,310E-5
1,569E+3	7,300E-5
1,570E+3	7,290E-5
1,571E+3	7,290E-5
1,572E+3	7,280E-5
1,573E+3	7,260E-5
1,574E+3	7,250E-5
1,575E+3	7,250E-5
1,576E+3	7,230E-5
1,577E+3	7,240E-5
1,578E+3	7,230E-5
1,579E+3	7,230E-5
1,580E+3	7,220E-5
1,581E+3	7,210E-5
1,582E+3	7,200E-5
1,583E+3	7,200E-5
1,584E+3	7,180E-5
1,585E+3	7,180E-5
1,586E+3	7,180E-5
1,587E+3	7,170E-5
1,588E+3	7,160E-5
1,589E+3	7,160E-5
1,590E+3	7,140E-5
1,591E+3	7,130E-5
1,592E+3	7,140E-5
1,593E+3	7,120E-5
1,594E+3	7,120E-5
1,595E+3	7,100E-5
1,596E+3	7,100E-5
1,597E+3	7,100E-5
1,598E+3	7,080E-5
1,599E+3	7,090E-5
1,600E+3	7,060E-5
1,601E+3	7,070E-5
1,602E+3	7,060E-5
1,603E+3	7,050E-5
1,604E+3	7,040E-5
1,605E+3	7,050E-5
1,606E+3	7,030E-5
1,607E+3	7,020E-5
1,608E+3	7,020E-5
1,609E+3	7,000E-5
1,610E+3	7,000E-5
1,611E+3	7,000E-5
1,612E+3	6,990E-5
1,613E+3	6,990E-5
1,614E+3	6,980E-5
1,615E+3	6,970E-5
1,616E+3	6,960E-5
1,617E+3	6,970E-5
1,618E+3	6,960E-5
1,619E+3	6,950E-5
1,620E+3	6,950E-5
1,621E+3	6,940E-5
1,622E+3	6,920E-5
1,623E+3	6,920E-5
1,624E+3	6,930E-5
1,625E+3	6,900E-5
1,626E+3	6,900E-5
1,627E+3	6,900E-5
1,628E+3	6,890E-5
1,629E+3	6,890E-5
1,630E+3	6,870E-5
1,631E+3	6,870E-5
1,632E+3	6,870E-5
1,633E+3	6,850E-5
1,634E+3	6,860E-5
1,635E+3	6,850E-5
1,636E+3	6,840E-5
1,637E+3	6,830E-5
1,638E+3	6,830E-5
1,639E+3	6,830E-5
1,640E+3	6,820E-5
1,641E+3	6,810E-5
1,642E+3	6,810E-5
1,643E+3	6,800E-5
1,644E+3	6,800E-5
1,645E+3	6,790E-5
1,646E+3	6,790E-5
1,647E+3	6,780E-5
1,648E+3	6,770E-5
1,649E+3	6,760E-5
1,650E+3	6,760E-5
1,651E+3	6,750E-5
1,652E+3	6,740E-5
1,653E+3	6,740E-5
1,654E+3	6,730E-5
1,655E+3	6,720E-5
1,656E+3	6,720E-5
1,657E+3	6,720E-5
1,658E+3	6,700E-5
1,659E+3	6,710E-5
1,660E+3	6,700E-5
1,661E+3	6,700E-5
1,662E+3	6,690E-5
1,663E+3	6,690E-5
1,664E+3	6,680E-5
1,665E+3	6,670E-5
1,666E+3	6,670E-5
1,667E+3	6,670E-5
1,668E+3	6,650E-5
1,669E+3	6,650E-5
1,670E+3	6,640E-5
1,671E+3	6,640E-5
1,672E+3	6,640E-5
1,673E+3	6,620E-5
1,674E+3	6,620E-5
1,675E+3	6,610E-5
1,676E+3	6,610E-5
1,677E+3	6,590E-5
1,678E+3	6,600E-5
1,679E+3	6,600E-5
1,680E+3	6,590E-5
1,681E+3	6,580E-5
1,682E+3	6,570E-5
1,683E+3	6,570E-5
1,684E+3	6,570E-5
1,685E+3	6,560E-5
1,686E+3	6,560E-5
1,687E+3	6,550E-5
1,688E+3	6,550E-5
1,689E+3	6,540E-5
1,690E+3	6,530E-5
1,691E+3	6,530E-5
1,692E+3	6,530E-5
1,693E+3	6,520E-5
1,694E+3	6,510E-5
1,695E+3	6,500E-5
1,696E+3	6,500E-5
1,697E+3	6,490E-5
1,698E+3	6,490E-5
1,699E+3	6,490E-5
1,700E+3	6,470E-5
1,701E+3	6,470E-5
1,702E+3	6,460E-5
1,703E+3	6,460E-5
1,704E+3	6,450E-5
1,705E+3	6,440E-5
1,706E+3	6,440E-5
1,707E+3	6,440E-5
1,708E+3	6,430E-5
1,709E+3	6,430E-5
1,710E+3	6,420E-5
1,711E+3	6,430E-5
1,712E+3	6,430E-5
1,713E+3	6,420E-5
1,714E+3	6,410E-5
1,715E+3	6,390E-5
1,716E+3	6,390E-5
1,717E+3	6,390E-5
1,718E+3	6,390E-5
1,719E+3	6,380E-5
1,720E+3	6,380E-5
1,721E+3	6,370E-5
1,722E+3	6,370E-5
1,723E+3	6,350E-5
1,724E+3	6,350E-5
1,725E+3	6,360E-5
1,726E+3	6,340E-5
1,727E+3	6,340E-5
1,728E+3	6,330E-5
1,729E+3	6,330E-5
1,730E+3	6,320E-5
1,731E+3	6,340E-5
1,732E+3	6,320E-5
1,733E+3	6,310E-5
1,734E+3	6,310E-5
1,735E+3	6,300E-5
1,736E+3	6,290E-5
1,737E+3	6,290E-5
1,738E+3	6,290E-5
1,739E+3	6,280E-5
1,740E+3	6,280E-5
1,741E+3	6,270E-5
1,742E+3	6,260E-5
1,743E+3	6,270E-5
1,744E+3	6,270E-5
1,745E+3	6,260E-5
1,746E+3	6,250E-5
1,747E+3	6,250E-5
1,748E+3	6,240E-5
1,749E+3	6,240E-5
1,750E+3	6,220E-5
1,751E+3	6,220E-5
1,752E+3	6,220E-5
1,753E+3	6,210E-5
1,754E+3	6,220E-5
1,755E+3	6,210E-5
1,756E+3	6,200E-5
1,757E+3	6,200E-5
1,758E+3	6,190E-5
1,759E+3	6,190E-5
1,760E+3	6,180E-5
1,761E+3	6,170E-5
1,762E+3	6,180E-5
1,763E+3	6,170E-5
1,764E+3	6,160E-5
1,765E+3	6,160E-5
1,766E+3	6,160E-5
1,767E+3	6,150E-5
1,768E+3	6,130E-5
1,769E+3	6,140E-5
1,770E+3	6,140E-5
1,771E+3	6,130E-5
1,772E+3	6,130E-5
1,773E+3	6,130E-5
1,774E+3	6,110E-5
1,775E+3	6,110E-5
1,776E+3	6,110E-5
1,777E+3	6,100E-5
1,778E+3	6,100E-5
1,779E+3	6,100E-5
1,780E+3	6,090E-5
1,781E+3	6,090E-5
1,782E+3	6,090E-5
1,783E+3	6,090E-5
1,784E+3	6,080E-5
1,785E+3	6,080E-5
1,786E+3	6,060E-5
1,787E+3	6,060E-5
1,788E+3	6,050E-5
1,789E+3	6,060E-5
1,790E+3	6,060E-5
1,791E+3	6,040E-5
1,792E+3	6,040E-5
1,793E+3	6,040E-5
1,794E+3	6,020E-5
1,795E+3	6,030E-5
1,796E+3	6,030E-5
1,797E+3	6,030E-5
1,798E+3	6,020E-5
1,799E+3	6,020E-5
1,800E+3	6,010E-5
1,801E+3	6,000E-5
1,802E+3	6,010E-5
1,803E+3	6,000E-5
1,804E+3	5,990E-5
1,805E+3	5,980E-5
1,806E+3	5,970E-5
1,807E+3	5,980E-5
1,808E+3	5,970E-5
1,809E+3	5,960E-5
1,810E+3	5,970E-5
1,811E+3	5,950E-5
1,812E+3	5,970E-5
1,813E+3	5,960E-5
1,814E+3	5,950E-5
1,815E+3	5,940E-5
1,816E+3	5,950E-5
1,817E+3	5,930E-5
1,818E+3	5,930E-5
1,819E+3	5,930E-5
1,820E+3	5,920E-5
1,821E+3	5,920E-5
1,822E+3	5,910E-5
1,823E+3	5,910E-5
1,824E+3	5,920E-5
1,825E+3	5,900E-5
1,826E+3	5,900E-5
1,827E+3	5,900E-5
1,828E+3	5,890E-5
1,829E+3	5,890E-5
1,830E+3	5,890E-5
1,831E+3	5,880E-5
1,832E+3	5,880E-5
1,833E+3	5,860E-5
1,834E+3	5,870E-5
1,835E+3	5,860E-5
1,836E+3	5,860E-5
1,837E+3	5,860E-5
1,838E+3	5,860E-5
1,839E+3	5,850E-5
1,840E+3	5,850E-5
1,841E+3	5,840E-5
1,842E+3	5,840E-5
1,843E+3	5,830E-5
1,844E+3	5,830E-5
1,845E+3	5,820E-5
1,846E+3	5,830E-5
1,847E+3	5,810E-5
1,848E+3	5,820E-5
1,849E+3	5,810E-5
1,850E+3	5,800E-5
1,851E+3	5,810E-5
1,852E+3	5,790E-5
1,853E+3	5,790E-5
1,854E+3	5,780E-5
1,855E+3	5,790E-5
1,856E+3	5,780E-5
1,857E+3	5,780E-5
1,858E+3	5,770E-5
1,859E+3	5,770E-5
1,860E+3	5,770E-5
1,861E+3	5,760E-5
1,862E+3	5,760E-5
1,863E+3	5,750E-5
1,864E+3	5,750E-5
1,865E+3	5,750E-5
1,866E+3	5,750E-5
1,867E+3	5,740E-5
1,868E+3	5,730E-5
1,869E+3	5,730E-5
1,870E+3	5,730E-5
1,871E+3	5,720E-5
1,872E+3	5,710E-5
1,873E+3	5,710E-5
1,874E+3	5,720E-5
1,875E+3	5,720E-5
1,876E+3	5,710E-5
1,877E+3	5,710E-5
1,878E+3	5,700E-5
1,879E+3	5,700E-5
1,880E+3	5,700E-5
1,881E+3	5,680E-5
1,882E+3	5,690E-5
1,883E+3	5,680E-5
1,884E+3	5,680E-5
1,885E+3	5,670E-5
1,886E+3	5,670E-5
1,887E+3	5,660E-5
1,888E+3	5,660E-5
1,889E+3	5,660E-5
1,890E+3	5,660E-5
1,891E+3	5,660E-5
1,892E+3	5,650E-5
1,893E+3	5,650E-5
1,894E+3	5,640E-5
1,895E+3	5,640E-5
1,896E+3	5,640E-5
1,897E+3	5,640E-5
1,898E+3	5,630E-5
1,899E+3	5,620E-5
1,900E+3	5,620E-5
1,901E+3	5,610E-5
1,902E+3	5,600E-5
1,903E+3	5,600E-5
1,904E+3	5,600E-5
1,905E+3	5,600E-5
1,906E+3	5,600E-5
1,907E+3	5,590E-5
1,908E+3	5,590E-5
1,909E+3	5,590E-5
1,910E+3	5,590E-5
1,911E+3	5,580E-5
1,912E+3	5,580E-5
1,913E+3	5,570E-5
1,914E+3	5,570E-5
1,915E+3	5,560E-5
1,916E+3	5,560E-5
1,917E+3	5,560E-5
1,918E+3	5,550E-5
1,919E+3	5,550E-5
1,920E+3	5,550E-5
1,921E+3	5,550E-5
1,922E+3	5,540E-5
1,923E+3	5,530E-5
1,924E+3	5,550E-5
1,925E+3	5,530E-5
1,926E+3	5,530E-5
1,927E+3	5,520E-5
1,928E+3	5,520E-5
1,929E+3	5,510E-5
1,930E+3	5,520E-5
1,931E+3	5,510E-5
1,932E+3	5,500E-5
1,933E+3	5,500E-5
1,934E+3	5,490E-5
1,935E+3	5,490E-5
1,936E+3	5,490E-5
1,937E+3	5,500E-5
1,938E+3	5,480E-5
1,939E+3	5,480E-5
1,940E+3	5,480E-5
1,941E+3	5,480E-5
1,942E+3	5,480E-5
1,943E+3	5,470E-5
1,944E+3	5,470E-5
1,945E+3	5,460E-5
1,946E+3	5,460E-5
1,947E+3	5,460E-5
1,948E+3	5,450E-5
1,949E+3	5,450E-5
1,950E+3	5,440E-5
1,951E+3	5,450E-5
1,952E+3	5,440E-5
1,953E+3	5,440E-5
1,954E+3	5,430E-5
1,955E+3	5,430E-5
1,956E+3	5,430E-5
1,957E+3	5,430E-5
1,958E+3	5,420E-5
1,959E+3	5,420E-5
1,960E+3	5,410E-5
1,961E+3	5,400E-5
1,962E+3	5,400E-5
1,963E+3	5,400E-5
1,964E+3	5,400E-5
1,965E+3	5,390E-5
1,966E+3	5,390E-5
1,967E+3	5,390E-5
1,968E+3	5,390E-5
1,969E+3	5,380E-5
1,970E+3	5,380E-5
1,971E+3	5,380E-5
1,972E+3	5,370E-5
1,973E+3	5,370E-5
1,974E+3	5,370E-5
1,975E+3	5,360E-5
1,976E+3	5,360E-5
1,977E+3	5,360E-5
1,978E+3	5,360E-5
1,979E+3	5,350E-5
1,980E+3	5,350E-5
1,981E+3	5,350E-5
1,982E+3	5,340E-5
1,983E+3	5,340E-5
1,984E+3	5,330E-5
1,985E+3	5,330E-5
1,986E+3	5,330E-5
1,987E+3	5,320E-5
1,988E+3	5,320E-5
1,989E+3	5,320E-5
1,990E+3	5,320E-5
1,991E+3	5,320E-5
1,992E+3	5,310E-5
1,993E+3	5,300E-5
1,994E+3	5,320E-5
1,995E+3	5,300E-5
1,996E+3	5,290E-5
1,997E+3	5,290E-5
1,998E+3	5,300E-5
1,999E+3	5,280E-5
2,000E+3	5,290E-5
2,001E+3	5,280E-5
2,002E+3	5,280E-5
2,003E+3	5,280E-5
2,004E+3	5,270E-5
2,005E+3	5,270E-5
2,006E+3	5,270E-5
2,007E+3	5,260E-5
2,008E+3	5,250E-5
2,009E+3	5,260E-5
2,010E+3	5,250E-5
2,011E+3	5,250E-5
2,012E+3	5,240E-5
2,013E+3	5,260E-5
2,014E+3	5,240E-5
2,015E+3	5,240E-5
2,016E+3	5,230E-5
2,017E+3	5,240E-5
2,018E+3	5,230E-5
2,019E+3	5,230E-5
2,020E+3	5,210E-5
2,021E+3	5,220E-5
2,022E+3	5,210E-5
2,023E+3	5,220E-5
2,024E+3	5,210E-5
2,025E+3	5,210E-5
2,026E+3	5,200E-5
2,027E+3	5,210E-5
2,028E+3	5,210E-5
2,029E+3	5,190E-5
2,030E+3	5,200E-5
2,031E+3	5,200E-5
2,032E+3	5,190E-5
2,033E+3	5,190E-5
2,034E+3	5,180E-5
2,035E+3	5,110E-5
2,036E+3	5,100E-5
2,037E+3	5,080E-5
2,038E+3	5,080E-5
2,039E+3	5,070E-5
2,040E+3	5,070E-5
2,041E+3	5,070E-5
2,042E+3	5,060E-5
2,043E+3	5,050E-5
2,044E+3	5,050E-5
2,045E+3	5,050E-5
2,046E+3	5,050E-5
2,047E+3	5,040E-5
2,048E+3	5,030E-5
2,049E+3	5,030E-5
2,050E+3	5,020E-5
2,051E+3	5,030E-5
2,052E+3	5,020E-5
2,053E+3	5,020E-5
2,054E+3	5,010E-5
2,055E+3	5,010E-5
2,056E+3	5,010E-5
2,057E+3	5,010E-5
2,058E+3	5,000E-5
2,059E+3	5,000E-5
2,060E+3	4,990E-5
2,061E+3	4,990E-5
2,062E+3	4,990E-5
2,063E+3	4,980E-5
2,064E+3	4,980E-5
2,065E+3	4,980E-5
2,066E+3	4,970E-5
2,067E+3	4,970E-5
2,068E+3	4,970E-5
2,069E+3	4,950E-5
2,070E+3	4,950E-5
2,071E+3	4,950E-5
2,072E+3	4,950E-5
2,073E+3	4,940E-5
2,074E+3	4,940E-5
2,075E+3	4,940E-5
2,076E+3	4,940E-5
2,077E+3	4,940E-5
2,078E+3	4,930E-5
2,079E+3	4,930E-5
2,080E+3	4,920E-5
2,081E+3	4,910E-5
2,082E+3	4,910E-5
2,083E+3	4,910E-5
2,084E+3	4,910E-5
2,085E+3	4,900E-5
2,086E+3	4,900E-5
2,087E+3	4,900E-5
2,088E+3	4,900E-5
2,089E+3	4,900E-5
2,090E+3	4,890E-5
2,091E+3	5,000E-5
2,092E+3	4,990E-5
2,093E+3	4,990E-5
2,094E+3	4,980E-5
2,095E+3	4,980E-5
2,096E+3	4,970E-5
2,097E+3	4,970E-5
2,098E+3	4,970E-5
2,099E+3	4,970E-5
2,100E+3	4,960E-5
2,101E+3	4,960E-5
2,102E+3	4,960E-5
2,103E+3	4,950E-5
2,104E+3	4,960E-5
2,105E+3	4,950E-5
2,106E+3	4,950E-5
2,107E+3	4,950E-5
2,108E+3	4,940E-5
2,109E+3	4,950E-5
2,110E+3	4,940E-5
2,111E+3	4,930E-5
2,112E+3	4,930E-5
2,113E+3	4,930E-5
2,114E+3	4,920E-5
2,115E+3	4,920E-5
2,116E+3	4,910E-5
2,117E+3	4,920E-5
2,118E+3	4,910E-5
2,119E+3	4,910E-5
2,120E+3	4,910E-5
2,121E+3	4,910E-5
2,122E+3	4,900E-5
2,123E+3	4,910E-5
2,124E+3	4,900E-5
2,125E+3	4,900E-5
2,126E+3	4,900E-5
2,127E+3	4,900E-5
2,128E+3	4,900E-5
2,129E+3	4,890E-5
2,130E+3	4,880E-5
2,131E+3	4,880E-5
2,132E+3	4,880E-5
2,133E+3	4,880E-5
2,134E+3	4,890E-5
2,135E+3	4,880E-5
2,136E+3	4,870E-5
2,137E+3	4,860E-5
2,138E+3	4,860E-5
2,139E+3	4,870E-5
2,140E+3	4,860E-5
2,141E+3	4,860E-5
2,142E+3	4,860E-5
2,143E+3	4,850E-5
2,144E+3	4,850E-5
2,145E+3	4,850E-5
2,146E+3	4,850E-5
2,147E+3	4,850E-5
2,148E+3	4,840E-5
2,149E+3	4,840E-5
2,150E+3	4,830E-5
2,151E+3	4,830E-5
2,152E+3	4,830E-5
2,153E+3	4,830E-5
2,154E+3	4,820E-5
2,155E+3	4,830E-5
2,156E+3	4,820E-5
2,157E+3	4,820E-5
2,158E+3	4,820E-5
2,159E+3	4,810E-5
2,160E+3	4,810E-5
2,161E+3	4,820E-5
2,162E+3	4,810E-5
2,163E+3	4,800E-5
2,164E+3	4,810E-5
2,165E+3	4,800E-5
2,166E+3	4,800E-5
2,167E+3	4,800E-5
2,168E+3	4,790E-5
2,169E+3	4,800E-5
2,170E+3	4,790E-5
2,171E+3	4,790E-5
2,172E+3	4,780E-5
2,173E+3	4,790E-5
2,174E+3	4,780E-5
2,175E+3	4,770E-5
2,176E+3	4,780E-5
2,177E+3	4,780E-5
2,178E+3	4,770E-5
2,179E+3	4,760E-5
2,180E+3	4,760E-5
2,181E+3	4,760E-5
2,182E+3	4,760E-5
2,183E+3	4,760E-5
2,184E+3	4,750E-5
2,185E+3	4,750E-5
2,186E+3	4,760E-5
2,187E+3	4,750E-5
2,188E+3	4,750E-5
2,189E+3	4,750E-5
2,190E+3	4,740E-5
2,191E+3	4,740E-5
2,192E+3	4,740E-5
2,193E+3	4,730E-5
2,194E+3	4,730E-5
2,195E+3	4,730E-5
2,196E+3	4,730E-5
2,197E+3	4,720E-5
2,198E+3	4,720E-5
2,199E+3	4,720E-5
2,200E+3	4,720E-5
2,201E+3	4,720E-5
2,202E+3	4,720E-5
2,203E+3	4,700E-5
2,204E+3	4,710E-5
2,205E+3	4,700E-5
2,206E+3	4,700E-5
2,207E+3	4,690E-5
2,208E+3	4,690E-5
2,209E+3	4,700E-5
2,210E+3	4,690E-5
2,211E+3	4,690E-5
2,212E+3	4,690E-5
2,213E+3	4,690E-5
2,214E+3	4,680E-5
2,215E+3	4,680E-5
2,216E+3	4,670E-5
2,217E+3	4,680E-5
2,218E+3	4,670E-5
2,219E+3	4,670E-5
2,220E+3	4,670E-5
2,221E+3	4,670E-5
2,222E+3	4,660E-5
2,223E+3	4,660E-5
2,224E+3	4,660E-5
2,225E+3	4,660E-5
2,226E+3	4,650E-5
2,227E+3	4,650E-5
2,228E+3	4,660E-5
2,229E+3	4,640E-5
2,230E+3	4,650E-5
2,231E+3	4,650E-5
2,232E+3	4,650E-5
2,233E+3	4,650E-5
2,234E+3	4,640E-5
2,235E+3	4,630E-5
2,236E+3	4,630E-5
2,237E+3	4,630E-5
2,238E+3	4,630E-5
2,239E+3	4,630E-5
2,240E+3	4,620E-5
2,241E+3	4,620E-5
2,242E+3	4,620E-5
2,243E+3	4,610E-5
2,244E+3	4,620E-5
2,245E+3	4,610E-5
2,246E+3	4,620E-5
2,247E+3	4,610E-5
2,248E+3	4,600E-5
2,249E+3	4,600E-5
2,250E+3	4,600E-5
2,251E+3	4,600E-5
2,252E+3	4,600E-5
2,253E+3	4,600E-5
2,254E+3	4,590E-5
2,255E+3	4,600E-5
2,256E+3	4,590E-5
2,257E+3	4,580E-5
2,258E+3	4,580E-5
2,259E+3	4,580E-5
2,260E+3	4,590E-5
2,261E+3	4,570E-5
2,262E+3	4,580E-5
2,263E+3	4,570E-5
2,264E+3	4,570E-5
2,265E+3	4,560E-5
2,266E+3	4,570E-5
2,267E+3	4,550E-5
2,268E+3	4,560E-5
2,269E+3	4,560E-5
2,270E+3	4,560E-5
2,271E+3	4,550E-5
2,272E+3	4,550E-5
2,273E+3	4,550E-5
2,274E+3	4,550E-5
2,275E+3	4,550E-5
2,276E+3	4,550E-5
2,277E+3	4,540E-5
2,278E+3	4,540E-5
2,279E+3	4,540E-5
2,280E+3	4,530E-5
2,281E+3	4,530E-5
2,282E+3	4,530E-5
2,283E+3	4,530E-5
2,284E+3	4,530E-5
2,285E+3	4,540E-5
2,286E+3	4,520E-5
2,287E+3	4,520E-5
2,288E+3	4,540E-5
2,289E+3	4,670E-5
2,290E+3	4,550E-5
2,291E+3	4,540E-5
2,292E+3	4,530E-5
2,293E+3	4,530E-5
2,294E+3	4,520E-5
2,295E+3	4,520E-5
2,296E+3	4,510E-5
2,297E+3	4,500E-5
2,298E+3	4,500E-5
2,299E+3	4,500E-5
2,300E+3	4,490E-5
2,301E+3	4,480E-5
2,302E+3	4,480E-5
2,303E+3	4,470E-5
2,304E+3	4,470E-5
2,305E+3	4,470E-5
2,306E+3	4,460E-5
2,307E+3	4,460E-5
2,308E+3	4,460E-5
2,309E+3	4,450E-5
2,310E+3	4,460E-5
2,311E+3	4,450E-5
2,312E+3	4,460E-5
2,313E+3	4,450E-5
2,314E+3	4,450E-5
2,315E+3	4,440E-5
2,316E+3	4,440E-5
2,317E+3	4,440E-5
2,318E+3	4,440E-5
2,319E+3	4,440E-5
2,320E+3	4,440E-5
2,321E+3	4,440E-5
2,322E+3	4,440E-5
2,323E+3	4,430E-5
2,324E+3	4,440E-5
2,325E+3	4,420E-5
2,326E+3	4,440E-5
2,327E+3	4,420E-5
2,328E+3	4,420E-5
2,329E+3	4,430E-5
2,330E+3	4,420E-5
2,331E+3	4,420E-5
2,332E+3	4,420E-5
2,333E+3	4,410E-5
2,334E+3	4,420E-5
2,335E+3	4,410E-5
2,336E+3	4,410E-5
2,337E+3	4,400E-5
2,338E+3	4,420E-5
2,339E+3	4,410E-5
2,340E+3	4,400E-5
2,341E+3	4,420E-5
2,342E+3	4,410E-5
2,343E+3	4,400E-5
2,344E+3	4,410E-5
2,345E+3	4,410E-5
2,346E+3	4,400E-5
2,347E+3	4,410E-5
2,348E+3	4,410E-5
2,349E+3	4,420E-5
2,350E+3	4,430E-5
2,351E+3	4,430E-5
2,352E+3	4,430E-5
2,353E+3	4,420E-5
2,354E+3	4,430E-5
2,355E+3	4,420E-5
2,356E+3	4,420E-5
2,357E+3	4,420E-5
2,358E+3	4,430E-5
2,359E+3	4,430E-5
2,360E+3	4,420E-5
2,361E+3	4,420E-5
2,362E+3	4,420E-5
2,363E+3	4,430E-5
2,364E+3	4,420E-5
2,365E+3	4,420E-5
2,366E+3	4,420E-5
2,367E+3	4,430E-5
2,368E+3	4,420E-5
2,369E+3	4,420E-5
2,370E+3	4,420E-5
2,371E+3	4,420E-5
2,372E+3	4,420E-5
2,373E+3	4,400E-5
2,374E+3	4,400E-5
2,375E+3	4,380E-5
2,376E+3	4,380E-5
2,377E+3	4,370E-5
2,378E+3	4,360E-5
2,379E+3	4,360E-5
2,380E+3	4,370E-5
2,381E+3	4,350E-5
2,382E+3	4,350E-5
2,383E+3	4,350E-5
2,384E+3	4,350E-5
2,385E+3	4,340E-5
2,386E+3	4,340E-5
2,387E+3	4,340E-5
2,388E+3	4,340E-5
2,389E+3	4,330E-5
2,390E+3	4,320E-5
2,391E+3	4,330E-5
2,392E+3	4,330E-5
2,393E+3	4,330E-5
2,394E+3	4,320E-5
2,395E+3	4,320E-5
2,396E+3	4,320E-5
2,397E+3	4,320E-5
2,398E+3	4,310E-5
2,399E+3	4,310E-5
2,400E+3	4,310E-5
2,401E+3	4,300E-5
2,402E+3	4,310E-5
2,403E+3	4,300E-5
2,404E+3	4,300E-5
2,405E+3	4,300E-5
2,406E+3	4,300E-5
2,407E+3	4,290E-5
2,408E+3	4,290E-5
2,409E+3	4,290E-5
2,410E+3	4,290E-5
2,411E+3	4,290E-5
2,412E+3	4,280E-5
2,413E+3	4,280E-5
2,414E+3	4,280E-5
2,415E+3	4,280E-5
2,416E+3	4,280E-5
2,417E+3	4,280E-5
2,418E+3	4,270E-5
2,419E+3	4,270E-5
2,420E+3	4,270E-5
2,421E+3	4,270E-5
2,422E+3	4,270E-5
2,423E+3	4,260E-5
2,424E+3	4,260E-5
2,425E+3	4,260E-5
2,426E+3	4,260E-5
2,427E+3	4,250E-5
2,428E+3	4,250E-5
2,429E+3	4,250E-5
2,430E+3	4,250E-5
2,431E+3	4,250E-5
2,432E+3	4,240E-5
2,433E+3	4,240E-5
2,434E+3	4,240E-5
2,435E+3	4,240E-5
2,436E+3	4,240E-5
2,437E+3	4,230E-5
2,438E+3	4,240E-5
2,439E+3	4,230E-5
2,440E+3	4,230E-5
2,441E+3	4,230E-5
2,442E+3	4,230E-5
2,443E+3	4,230E-5
2,444E+3	4,220E-5
2,445E+3	4,220E-5
2,446E+3	4,210E-5
2,447E+3	4,220E-5
2,448E+3	4,210E-5
2,449E+3	4,220E-5
2,450E+3	4,210E-5
2,451E+3	4,210E-5
2,452E+3	4,200E-5
2,453E+3	4,200E-5
2,454E+3	4,200E-5
2,455E+3	4,200E-5
2,456E+3	4,200E-5
2,457E+3	4,190E-5
2,458E+3	4,190E-5
2,459E+3	4,180E-5
2,460E+3	4,190E-5
2,461E+3	4,190E-5
2,462E+3	4,190E-5
2,463E+3	4,190E-5
2,464E+3	4,180E-5
2,465E+3	4,180E-5
2,466E+3	4,170E-5
2,467E+3	4,170E-5
2,468E+3	4,170E-5
2,469E+3	4,170E-5
2,470E+3	4,170E-5
2,471E+3	4,180E-5
2,472E+3	4,160E-5
2,473E+3	4,170E-5
2,474E+3	4,160E-5
2,475E+3	4,160E-5
2,476E+3	4,160E-5
2,477E+3	4,160E-5
2,478E+3	4,150E-5
2,479E+3	4,170E-5
2,480E+3	4,160E-5
2,481E+3	4,160E-5
2,482E+3	4,170E-5
2,483E+3	4,170E-5
2,484E+3	4,170E-5
2,485E+3	4,180E-5
2,486E+3	4,180E-5
2,487E+3	4,180E-5
2,488E+3	4,180E-5
2,489E+3	4,180E-5
2,490E+3	4,180E-5
2,491E+3	4,180E-5
2,492E+3	4,190E-5
2,493E+3	4,190E-5
2,494E+3	4,190E-5
2,495E+3	4,190E-5
2,496E+3	4,190E-5
2,497E+3	4,180E-5
2,498E+3	4,190E-5
2,499E+3	4,190E-5
2,500E+3	4,180E-5
2,501E+3	4,190E-5
2,502E+3	4,190E-5
2,503E+3	4,190E-5
2,504E+3	4,200E-5
2,505E+3	4,190E-5
2,506E+3	4,190E-5
2,507E+3	4,190E-5
2,508E+3	4,190E-5
2,509E+3	4,190E-5
2,510E+3	4,190E-5
2,511E+3	4,190E-5
2,512E+3	4,190E-5
2,513E+3	4,200E-5
2,514E+3	4,200E-5
2,515E+3	4,190E-5
2,516E+3	4,190E-5
2,517E+3	4,200E-5
2,518E+3	4,190E-5
2,519E+3	4,190E-5
2,520E+3	4,190E-5
2,521E+3	4,190E-5
2,522E+3	4,190E-5
2,523E+3	4,180E-5
2,524E+3	4,180E-5
2,525E+3	4,180E-5
2,526E+3	4,180E-5
2,527E+3	4,180E-5
2,528E+3	4,180E-5
2,529E+3	4,180E-5
2,530E+3	4,180E-5
2,531E+3	4,170E-5
2,532E+3	4,170E-5
2,533E+3	4,170E-5
2,534E+3	4,170E-5
2,535E+3	4,170E-5
2,536E+3	4,170E-5
2,537E+3	4,180E-5
2,538E+3	4,170E-5
2,539E+3	4,170E-5
2,540E+3	4,170E-5
2,541E+3	4,170E-5
2,542E+3	4,160E-5
2,543E+3	4,170E-5
2,544E+3	4,170E-5
2,545E+3	4,160E-5
2,546E+3	4,160E-5
2,547E+3	4,160E-5
2,548E+3	4,160E-5
2,549E+3	4,170E-5
2,550E+3	4,160E-5
2,551E+3	4,160E-5
2,552E+3	4,170E-5
2,553E+3	4,170E-5
2,554E+3	4,180E-5
2,555E+3	4,160E-5
2,556E+3	4,150E-5
2,557E+3	4,130E-5
2,558E+3	4,120E-5
2,559E+3	4,130E-5
2,560E+3	4,120E-5
2,561E+3	4,110E-5
2,562E+3	4,120E-5
2,563E+3	4,100E-5
2,564E+3	4,090E-5
2,565E+3	4,090E-5
2,566E+3	4,090E-5
2,567E+3	4,080E-5
2,568E+3	4,080E-5
2,569E+3	4,070E-5
2,570E+3	4,080E-5
2,571E+3	4,070E-5
2,572E+3	4,070E-5
2,573E+3	4,060E-5
2,574E+3	4,060E-5
2,575E+3	4,060E-5
2,576E+3	4,060E-5
2,577E+3	4,050E-5
2,578E+3	4,050E-5
2,579E+3	4,040E-5
2,580E+3	4,040E-5
2,581E+3	4,050E-5
2,582E+3	4,040E-5
2,583E+3	4,030E-5
2,584E+3	4,030E-5
2,585E+3	4,030E-5
2,586E+3	4,030E-5
2,587E+3	4,030E-5
2,588E+3	4,020E-5
2,589E+3	4,020E-5
2,590E+3	4,010E-5
2,591E+3	4,020E-5
2,592E+3	4,010E-5
2,593E+3	4,010E-5
2,594E+3	4,000E-5
2,595E+3	4,000E-5
2,596E+3	4,000E-5
2,597E+3	3,990E-5
2,598E+3	4,000E-5
2,599E+3	3,990E-5
2,600E+3	3,990E-5
2,601E+3	3,990E-5
2,602E+3	3,980E-5
2,603E+3	4,000E-5
2,604E+3	3,980E-5
2,605E+3	3,980E-5
2,606E+3	3,970E-5
2,607E+3	3,980E-5
2,608E+3	3,970E-5
2,609E+3	3,970E-5
2,610E+3	3,970E-5
2,611E+3	3,960E-5
2,612E+3	3,960E-5
2,613E+3	3,960E-5
2,614E+3	3,960E-5
2,615E+3	3,960E-5
2,616E+3	3,960E-5
2,617E+3	3,950E-5
2,618E+3	3,950E-5
2,619E+3	3,950E-5
2,620E+3	3,950E-5
2,621E+3	3,940E-5
2,622E+3	3,950E-5
2,623E+3	3,940E-5
2,624E+3	3,940E-5
2,625E+3	3,940E-5
2,626E+3	3,930E-5
2,627E+3	3,930E-5
2,628E+3	3,920E-5
2,629E+3	3,930E-5
2,630E+3	3,930E-5
2,631E+3	3,920E-5
2,632E+3	3,920E-5
2,633E+3	3,920E-5
2,634E+3	3,910E-5
2,635E+3	3,920E-5
2,636E+3	3,920E-5
2,637E+3	3,910E-5
2,638E+3	3,910E-5
2,639E+3	3,910E-5
2,640E+3	3,910E-5
2,641E+3	3,900E-5
2,642E+3	3,900E-5
2,643E+3	3,900E-5
2,644E+3	3,890E-5
2,645E+3	3,890E-5
2,646E+3	3,900E-5
2,647E+3	3,890E-5
2,648E+3	3,890E-5
2,649E+3	3,890E-5
2,650E+3	3,890E-5
2,651E+3	3,880E-5
2,652E+3	3,880E-5
2,653E+3	3,890E-5
2,654E+3	3,870E-5
2,655E+3	3,870E-5
2,656E+3	3,870E-5
2,657E+3	3,870E-5
2,658E+3	3,870E-5
2,659E+3	3,880E-5
2,660E+3	3,870E-5
2,661E+3	3,870E-5
2,662E+3	3,870E-5
2,663E+3	3,870E-5
2,664E+3	3,860E-5
2,665E+3	3,860E-5
2,666E+3	3,850E-5
2,667E+3	3,850E-5
2,668E+3	3,860E-5
2,669E+3	3,850E-5
2,670E+3	3,850E-5
2,671E+3	3,840E-5
2,672E+3	3,850E-5
2,673E+3	3,850E-5
2,674E+3	3,840E-5
2,675E+3	3,840E-5
2,676E+3	3,840E-5
2,677E+3	3,840E-5
2,678E+3	3,840E-5
2,679E+3	3,830E-5
2,680E+3	3,830E-5
2,681E+3	3,830E-5
2,682E+3	3,830E-5
2,683E+3	3,820E-5
2,684E+3	3,820E-5
2,685E+3	3,820E-5
2,686E+3	3,820E-5
2,687E+3	3,810E-5
2,688E+3	3,820E-5
2,689E+3	3,820E-5
2,690E+3	3,820E-5
2,691E+3	3,810E-5
2,692E+3	3,820E-5
2,693E+3	3,810E-5
2,694E+3	3,800E-5
2,695E+3	3,800E-5
2,696E+3	3,800E-5
2,697E+3	3,800E-5
2,698E+3	3,800E-5
2,699E+3	3,810E-5
2,700E+3	3,800E-5
2,701E+3	3,800E-5
2,702E+3	3,800E-5
2,703E+3	3,790E-5
2,704E+3	3,790E-5
2,705E+3	3,790E-5
2,706E+3	3,780E-5
2,707E+3	3,780E-5
2,708E+3	3,780E-5
2,709E+3	3,780E-5
2,710E+3	3,770E-5
2,711E+3	3,780E-5
2,712E+3	3,780E-5
2,713E+3	3,770E-5
2,714E+3	3,710E-5
2,715E+3	3,710E-5
2,716E+3	3,710E-5
2,717E+3	3,700E-5
2,718E+3	3,700E-5
2,719E+3	3,700E-5
2,720E+3	3,700E-5
2,721E+3	3,690E-5
2,722E+3	3,690E-5
2,723E+3	3,690E-5
2,724E+3	3,680E-5
2,725E+3	3,680E-5
2,726E+3	3,680E-5
2,727E+3	3,670E-5
2,728E+3	3,680E-5
2,729E+3	3,670E-5
2,730E+3	3,670E-5
2,731E+3	3,670E-5
2,732E+3	3,670E-5
2,733E+3	3,660E-5
2,734E+3	3,660E-5
2,735E+3	3,660E-5
2,736E+3	3,650E-5
2,737E+3	3,660E-5
2,738E+3	3,650E-5
2,739E+3	3,660E-5
2,740E+3	3,650E-5
2,741E+3	3,640E-5
2,742E+3	3,640E-5
2,743E+3	3,640E-5
2,744E+3	3,630E-5
2,745E+3	3,640E-5
2,746E+3	3,640E-5
2,747E+3	3,630E-5
2,748E+3	3,630E-5
2,749E+3	3,630E-5
2,750E+3	3,630E-5
2,751E+3	3,620E-5
2,752E+3	3,620E-5
2,753E+3	3,620E-5
2,754E+3	3,620E-5
2,755E+3	3,620E-5
2,756E+3	3,620E-5
2,757E+3	3,610E-5
2,758E+3	3,610E-5
2,759E+3	3,610E-5
2,760E+3	3,610E-5
2,761E+3	3,610E-5
2,762E+3	3,600E-5
2,763E+3	3,610E-5
2,764E+3	3,600E-5
2,765E+3	3,600E-5
2,766E+3	3,600E-5
2,767E+3	3,600E-5
2,768E+3	3,590E-5
2,769E+3	3,600E-5
2,770E+3	3,580E-5
2,771E+3	3,590E-5
2,772E+3	3,580E-5
2,773E+3	3,580E-5
2,774E+3	3,580E-5
2,775E+3	3,570E-5
2,776E+3	3,580E-5
2,777E+3	3,580E-5
2,778E+3	3,580E-5
2,779E+3	3,580E-5
2,780E+3	3,570E-5
2,781E+3	3,570E-5
2,782E+3	3,570E-5
2,783E+3	3,560E-5
2,784E+3	3,570E-5
2,785E+3	3,560E-5
2,786E+3	3,560E-5
2,787E+3	3,560E-5
2,788E+3	3,560E-5
2,789E+3	3,560E-5
2,790E+3	3,550E-5
2,791E+3	3,560E-5
2,792E+3	3,550E-5
2,793E+3	3,550E-5
2,794E+3	3,550E-5
2,795E+3	3,550E-5
2,796E+3	3,550E-5
2,797E+3	3,540E-5
2,798E+3	3,540E-5
2,799E+3	3,540E-5
2,800E+3	3,540E-5
2,801E+3	3,530E-5
2,802E+3	3,530E-5
2,803E+3	3,530E-5
2,804E+3	3,530E-5
2,805E+3	3,530E-5
2,806E+3	3,530E-5
2,807E+3	3,530E-5
2,808E+3	3,520E-5
2,809E+3	3,520E-5
2,810E+3	3,520E-5
2,811E+3	3,520E-5
2,812E+3	3,520E-5
2,813E+3	3,510E-5
2,814E+3	3,520E-5
2,815E+3	3,520E-5
2,816E+3	3,510E-5
2,817E+3	3,510E-5
2,818E+3	3,510E-5
2,819E+3	3,500E-5
2,820E+3	3,500E-5
2,821E+3	3,500E-5
2,822E+3	3,490E-5
2,823E+3	3,490E-5
2,824E+3	3,490E-5
2,825E+3	3,500E-5
2,826E+3	3,490E-5
2,827E+3	3,490E-5
2,828E+3	3,490E-5
2,829E+3	3,490E-5
2,830E+3	3,490E-5
2,831E+3	3,490E-5
2,832E+3	3,480E-5
2,833E+3	3,490E-5
2,834E+3	3,480E-5
2,835E+3	3,570E-5
2,836E+3	3,570E-5
2,837E+3	3,550E-5
2,838E+3	3,560E-5
2,839E+3	3,550E-5
2,840E+3	3,550E-5
2,841E+3	3,550E-5
2,842E+3	3,550E-5
2,843E+3	3,550E-5
2,844E+3	3,550E-5
2,845E+3	3,550E-5
2,846E+3	3,540E-5
2,847E+3	3,540E-5
2,848E+3	3,540E-5
2,849E+3	3,530E-5
2,850E+3	3,540E-5
2,851E+3	3,540E-5
2,852E+3	3,540E-5
2,853E+3	3,540E-5
2,854E+3	3,530E-5
2,855E+3	3,530E-5
2,856E+3	3,530E-5
2,857E+3	3,520E-5
2,858E+3	3,530E-5
2,859E+3	3,520E-5
2,860E+3	3,520E-5
2,861E+3	3,530E-5
2,862E+3	3,520E-5
2,863E+3	3,520E-5
2,864E+3	3,520E-5
2,865E+3	3,520E-5
2,866E+3	3,520E-5
2,867E+3	3,520E-5
2,868E+3	3,520E-5
2,869E+3	3,510E-5
2,870E+3	3,510E-5
2,871E+3	3,510E-5
2,872E+3	3,500E-5
2,873E+3	3,500E-5
2,874E+3	3,500E-5
2,875E+3	3,510E-5
2,876E+3	3,510E-5
2,877E+3	3,500E-5
2,878E+3	3,490E-5
2,879E+3	3,500E-5
2,880E+3	3,490E-5
2,881E+3	3,500E-5
2,882E+3	3,490E-5
2,883E+3	3,490E-5
2,884E+3	3,490E-5
2,885E+3	3,490E-5
2,886E+3	3,490E-5
2,887E+3	3,480E-5
2,888E+3	3,490E-5
2,889E+3	3,490E-5
2,890E+3	3,490E-5
2,891E+3	3,480E-5
2,892E+3	3,480E-5
2,893E+3	3,480E-5
2,894E+3	3,480E-5
2,895E+3	3,480E-5
2,896E+3	3,480E-5
2,897E+3	3,470E-5
2,898E+3	3,470E-5
2,899E+3	3,470E-5
2,900E+3	3,470E-5
2,901E+3	3,470E-5
2,902E+3	3,470E-5
2,903E+3	3,470E-5
2,904E+3	3,460E-5
2,905E+3	3,470E-5
2,906E+3	3,460E-5
2,907E+3	3,460E-5
2,908E+3	3,460E-5
2,909E+3	3,460E-5
2,910E+3	3,460E-5
2,911E+3	3,460E-5
2,912E+3	3,460E-5
2,913E+3	3,460E-5
2,914E+3	3,450E-5
2,915E+3	3,450E-5
2,916E+3	3,450E-5
2,917E+3	3,450E-5
2,918E+3	3,450E-5
2,919E+3	3,450E-5
2,920E+3	3,440E-5
2,921E+3	3,440E-5
2,922E+3	3,440E-5
2,923E+3	3,440E-5
2,924E+3	3,440E-5
2,925E+3	3,440E-5
2,926E+3	3,440E-5
2,927E+3	3,430E-5
2,928E+3	3,430E-5
2,929E+3	3,440E-5
2,930E+3	3,430E-5
2,931E+3	3,430E-5
2,932E+3	3,430E-5
2,933E+3	3,430E-5
2,934E+3	3,430E-5
2,935E+3	3,430E-5
2,936E+3	3,430E-5
2,937E+3	3,430E-5
2,938E+3	3,420E-5
2,939E+3	3,420E-5
2,940E+3	3,430E-5
2,941E+3	3,420E-5
2,942E+3	3,420E-5
2,943E+3	3,420E-5
2,944E+3	3,420E-5
2,945E+3	3,410E-5
2,946E+3	3,410E-5
2,947E+3	3,410E-5
2,948E+3	3,410E-5
2,949E+3	3,410E-5
2,950E+3	3,410E-5
2,951E+3	3,410E-5
2,952E+3	3,400E-5
2,953E+3	3,400E-5
2,954E+3	3,400E-5
2,955E+3	3,400E-5
2,956E+3	3,400E-5
2,957E+3	3,410E-5
2,958E+3	3,400E-5
2,959E+3	3,390E-5
2,960E+3	3,390E-5
2,961E+3	3,390E-5
2,962E+3	3,400E-5
2,963E+3	3,390E-5
2,964E+3	3,390E-5
2,965E+3	3,390E-5
2,966E+3	3,390E-5
2,967E+3	3,390E-5
2,968E+3	3,390E-5
2,969E+3	3,390E-5
2,970E+3	3,390E-5
2,971E+3	3,390E-5
2,972E+3	3,380E-5
2,973E+3	3,380E-5
2,974E+3	3,370E-5
2,975E+3	3,370E-5
2,976E+3	3,380E-5
2,977E+3	3,380E-5
2,978E+3	3,380E-5
2,979E+3	3,370E-5
2,980E+3	3,370E-5
2,981E+3	3,370E-5
2,982E+3	3,370E-5
2,983E+3	3,370E-5
2,984E+3	3,370E-5
2,985E+3	3,360E-5
2,986E+3	3,370E-5
2,987E+3	3,370E-5
2,988E+3	3,360E-5
2,989E+3	3,360E-5
2,990E+3	3,360E-5
2,991E+3	3,370E-5
2,992E+3	3,380E-5
2,993E+3	3,380E-5
2,994E+3	3,380E-5
2,995E+3	3,380E-5
2,996E+3	3,380E-5
2,997E+3	3,390E-5
2,998E+3	3,400E-5
2,999E+3	3,400E-5
3,000E+3	3,410E-5
3,001E+3	3,410E-5
3,002E+3	3,410E-5
3,003E+3	3,410E-5
3,004E+3	3,430E-5
3,005E+3	3,430E-5
3,006E+3	3,430E-5
3,007E+3	3,440E-5
3,008E+3	3,440E-5
3,009E+3	3,460E-5
3,010E+3	3,460E-5
3,011E+3	3,470E-5
3,012E+3	3,480E-5
3,013E+3	3,480E-5
3,014E+3	3,490E-5
3,015E+3	3,500E-5
3,016E+3	3,500E-5
3,017E+3	3,510E-5
3,018E+3	3,520E-5
3,019E+3	3,530E-5
3,020E+3	3,540E-5
3,021E+3	3,550E-5
3,022E+3	3,560E-5
3,023E+3	3,570E-5
3,024E+3	3,580E-5
3,025E+3	3,590E-5
3,026E+3	3,600E-5
3,027E+3	3,610E-5
3,028E+3	3,630E-5
3,029E+3	3,630E-5
3,030E+3	3,650E-5
3,031E+3	3,660E-5
3,032E+3	3,670E-5
3,033E+3	3,680E-5
3,034E+3	3,710E-5
3,035E+3	3,720E-5
3,036E+3	3,740E-5
3,037E+3	3,750E-5
3,038E+3	3,760E-5
3,039E+3	3,780E-5
3,040E+3	3,800E-5
3,041E+3	3,820E-5
3,042E+3	3,840E-5
3,043E+3	3,860E-5
3,044E+3	3,890E-5
3,045E+3	3,910E-5
3,046E+3	3,930E-5
3,047E+3	3,950E-5
3,048E+3	3,980E-5
3,049E+3	4,010E-5
3,050E+3	4,040E-5
3,051E+3	4,070E-5
3,052E+3	4,110E-5
3,053E+3	4,140E-5
3,054E+3	4,170E-5
3,055E+3	4,200E-5
3,056E+3	4,240E-5
3,057E+3	4,280E-5
3,058E+3	4,320E-5
3,059E+3	4,360E-5
3,060E+3	4,420E-5
3,061E+3	4,470E-5
3,062E+3	4,520E-5
3,063E+3	4,570E-5
3,064E+3	4,630E-5
3,065E+3	4,700E-5
3,066E+3	4,760E-5
3,067E+3	4,830E-5
3,068E+3	4,910E-5
3,069E+3	4,980E-5
3,070E+3	5,060E-5
3,071E+3	5,150E-5
3,072E+3	5,240E-5
3,073E+3	5,340E-5
3,074E+3	5,450E-5
3,075E+3	5,550E-5
3,076E+3	5,670E-5
3,077E+3	5,800E-5
3,078E+3	5,930E-5
3,079E+3	6,080E-5
3,080E+3	6,230E-5
3,081E+3	6,410E-5
3,082E+3	6,580E-5
3,083E+3	6,770E-5
3,084E+3	6,980E-5
3,085E+3	7,200E-5
3,086E+3	7,430E-5
3,087E+3	7,670E-5
3,088E+3	7,940E-5
3,089E+3	8,240E-5
3,090E+3	8,530E-5
3,091E+3	8,850E-5
3,092E+3	9,200E-5
3,093E+3	9,570E-5
3,094E+3	9,950E-5
3,095E+3	1,040E-4
3,096E+3	1,080E-4
3,097E+3	1,130E-4
3,098E+3	1,180E-4
3,099E+3	1,240E-4
3,100E+3	1,300E-4
3,101E+3	1,370E-4
3,102E+3	1,430E-4
3,103E+3	1,510E-4
3,104E+3	1,590E-4
3,105E+3	1,680E-4
3,106E+3	1,780E-4
3,107E+3	1,880E-4
3,108E+3	2,000E-4
3,109E+3	2,130E-4
3,110E+3	2,280E-4
3,111E+3	2,430E-4
3,112E+3	2,600E-4
3,113E+3	2,780E-4
3,114E+3	2,980E-4
3,115E+3	3,210E-4
3,116E+3	3,470E-4
3,117E+3	3,760E-4
3,118E+3	4,080E-4
3,119E+3	4,440E-4
3,120E+3	4,870E-4
3,121E+3	5,350E-4
3,122E+3	5,910E-4
3,123E+3	6,540E-4
3,124E+3	6,810E-4
3,125E+3	3,270E-4
3,126E+3	2,230E-4
3,127E+3	1,830E-4
3,128E+3	1,600E-4
3,129E+3	1,450E-4
3,130E+3	1,350E-4
3,131E+3	1,260E-4
3,132E+3	1,180E-4
3,133E+3	1,120E-4
3,134E+3	1,060E-4
3,135E+3	1,010E-4
3,136E+3	9,670E-5
3,137E+3	9,290E-5
3,138E+3	8,920E-5
3,139E+3	8,590E-5
3,140E+3	8,270E-5
3,141E+3	8,010E-5
3,142E+3	7,750E-5
3,143E+3	7,510E-5
3,144E+3	7,310E-5
3,145E+3	7,110E-5
3,146E+3	6,920E-5
3,147E+3	6,760E-5
3,148E+3	6,630E-5
3,149E+3	6,470E-5
3,150E+3	6,340E-5
3,151E+3	6,210E-5
3,152E+3	6,090E-5
3,153E+3	5,980E-5
3,154E+3	5,870E-5
3,155E+3	5,760E-5
3,156E+3	5,660E-5
3,157E+3	5,570E-5
3,158E+3	5,480E-5
3,159E+3	5,400E-5
3,160E+3	5,310E-5
3,161E+3	5,230E-5
3,162E+3	5,160E-5
3,163E+3	5,100E-5
3,164E+3	5,030E-5
3,165E+3	4,970E-5
3,166E+3	4,910E-5
3,167E+3	4,860E-5
3,168E+3	4,810E-5
3,169E+3	4,750E-5
3,170E+3	4,700E-5
3,171E+3	4,650E-5
3,172E+3	4,600E-5
3,173E+3	4,560E-5
3,174E+3	4,530E-5
3,175E+3	4,470E-5
3,176E+3	4,430E-5
3,177E+3	4,400E-5
3,178E+3	4,360E-5
3,179E+3	4,330E-5
3,180E+3	4,290E-5
3,181E+3	4,250E-5
3,182E+3	4,220E-5
3,183E+3	4,180E-5
3,184E+3	4,150E-5
3,185E+3	4,130E-5
3,186E+3	4,100E-5
3,187E+3	4,070E-5
3,188E+3	4,040E-5
3,189E+3	4,020E-5
3,190E+3	3,990E-5
3,191E+3	3,960E-5
3,192E+3	3,930E-5
3,193E+3	3,920E-5
3,194E+3	3,890E-5
3,195E+3	3,870E-5
3,196E+3	3,850E-5
3,197E+3	3,820E-5
3,198E+3	3,800E-5
3,199E+3	3,780E-5
3,200E+3	3,770E-5
3,201E+3	3,750E-5
3,202E+3	3,720E-5
3,203E+3	3,700E-5
3,204E+3	3,690E-5
3,205E+3	3,670E-5
3,206E+3	3,650E-5
3,207E+3	3,630E-5
3,208E+3	3,620E-5
3,209E+3	3,600E-5
3,210E+3	3,580E-5
3,211E+3	3,560E-5
3,212E+3	3,550E-5
3,213E+3	3,530E-5
3,214E+3	3,520E-5
3,215E+3	3,500E-5
3,216E+3	3,480E-5
3,217E+3	3,470E-5
3,218E+3	3,450E-5
3,219E+3	3,430E-5
3,220E+3	3,420E-5
3,221E+3	3,410E-5
3,222E+3	3,390E-5
3,223E+3	3,380E-5
3,224E+3	3,380E-5
3,225E+3	3,370E-5
3,226E+3	3,350E-5
3,227E+3	3,350E-5
3,228E+3	3,340E-5
3,229E+3	3,330E-5
3,230E+3	3,320E-5
3,231E+3	3,320E-5
3,232E+3	3,320E-5
3,233E+3	3,300E-5
3,234E+3	3,300E-5
3,235E+3	3,290E-5
3,236E+3	3,290E-5
3,237E+3	3,290E-5
3,238E+3	3,280E-5
3,239E+3	3,270E-5
3,240E+3	3,270E-5
3,241E+3	3,270E-5
3,242E+3	3,260E-5
3,243E+3	3,260E-5
3,244E+3	3,250E-5
3,245E+3	3,250E-5
3,246E+3	3,250E-5
3,247E+3	3,250E-5
3,248E+3	3,250E-5
3,249E+3	3,240E-5
3,250E+3	3,230E-5
3,251E+3	3,210E-5
3,252E+3	3,180E-5
3,253E+3	3,170E-5
3,254E+3	3,160E-5
3,255E+3	3,160E-5
3,256E+3	3,150E-5
3,257E+3	3,150E-5
3,258E+3	3,150E-5
3,259E+3	3,150E-5
3,260E+3	3,140E-5
3,261E+3	3,130E-5
3,262E+3	3,130E-5
3,263E+3	3,140E-5
3,264E+3	3,130E-5
3,265E+3	3,130E-5
3,266E+3	3,130E-5
3,267E+3	3,120E-5
3,268E+3	3,120E-5
3,269E+3	3,120E-5
3,270E+3	3,110E-5
3,271E+3	3,110E-5
3,272E+3	3,110E-5
3,273E+3	3,100E-5
3,274E+3	3,100E-5
3,275E+3	3,100E-5
3,276E+3	3,100E-5
3,277E+3	3,100E-5
3,278E+3	3,100E-5
3,279E+3	3,090E-5
3,280E+3	3,090E-5
3,281E+3	3,090E-5
3,282E+3	3,090E-5
3,283E+3	3,080E-5
3,284E+3	3,090E-5
3,285E+3	3,070E-5
3,286E+3	3,080E-5
3,287E+3	3,070E-5
3,288E+3	3,070E-5
3,289E+3	3,070E-5
3,290E+3	3,060E-5
3,291E+3	3,060E-5
3,292E+3	3,060E-5
3,293E+3	3,060E-5
3,294E+3	3,060E-5
3,295E+3	3,060E-5
3,296E+3	3,050E-5
3,297E+3	3,050E-5
3,298E+3	3,050E-5
3,299E+3	3,050E-5
3,300E+3	3,050E-5
3,301E+3	3,050E-5
3,302E+3	3,040E-5
3,303E+3	3,040E-5
3,304E+3	3,040E-5
3,305E+3	3,040E-5
3,306E+3	3,030E-5
3,307E+3	3,030E-5
3,308E+3	3,030E-5
3,309E+3	3,030E-5
3,310E+3	3,020E-5
3,311E+3	3,030E-5
3,312E+3	3,020E-5
3,313E+3	3,020E-5
3,314E+3	3,020E-5
3,315E+3	3,020E-5
3,316E+3	3,020E-5
3,317E+3	3,020E-5
3,318E+3	3,020E-5
3,319E+3	3,010E-5
3,320E+3	3,010E-5
3,321E+3	3,010E-5
3,322E+3	3,000E-5
3,323E+3	3,000E-5
3,324E+3	3,000E-5
3,325E+3	3,000E-5
3,326E+3	3,000E-5
3,327E+3	3,000E-5
3,328E+3	3,000E-5
3,329E+3	2,990E-5
3,330E+3	2,990E-5
3,331E+3	3,000E-5
3,332E+3	2,990E-5
3,333E+3	2,990E-5
3,334E+3	2,990E-5
3,335E+3	2,990E-5
3,336E+3	2,980E-5
3,337E+3	2,990E-5
3,338E+3	2,980E-5
3,339E+3	2,980E-5
3,340E+3	2,980E-5
3,341E+3	2,980E-5
3,342E+3	2,970E-5
3,343E+3	2,970E-5
3,344E+3	2,980E-5
3,345E+3	2,970E-5
3,346E+3	2,970E-5
3,347E+3	3,060E-5
3,348E+3	3,050E-5
3,349E+3	3,040E-5
3,350E+3	3,060E-5
3,351E+3	3,060E-5
3,352E+3	3,050E-5
3,353E+3	3,050E-5
3,354E+3	3,060E-5
3,355E+3	3,050E-5
3,356E+3	3,050E-5
3,357E+3	3,050E-5
3,358E+3	3,050E-5
3,359E+3	3,050E-5
3,360E+3	3,040E-5
3,361E+3	3,040E-5
3,362E+3	3,040E-5
3,363E+3	3,040E-5
3,364E+3	3,030E-5
3,365E+3	3,030E-5
3,366E+3	3,030E-5
3,367E+3	3,030E-5
3,368E+3	3,030E-5
3,369E+3	3,020E-5
3,370E+3	3,020E-5
3,371E+3	3,020E-5
3,372E+3	3,020E-5
3,373E+3	3,020E-5
3,374E+3	3,020E-5
3,375E+3	3,020E-5
3,376E+3	3,010E-5
3,377E+3	3,010E-5
3,378E+3	3,010E-5
3,379E+3	3,010E-5
3,380E+3	3,010E-5
3,381E+3	3,020E-5
3,382E+3	3,020E-5
3,383E+3	3,020E-5
3,384E+3	3,020E-5
3,385E+3	3,030E-5
3,386E+3	3,030E-5
3,387E+3	3,040E-5
3,388E+3	3,040E-5
3,389E+3	3,050E-5
3,390E+3	3,050E-5
3,391E+3	3,050E-5
3,392E+3	3,060E-5
3,393E+3	3,070E-5
3,394E+3	3,070E-5
3,395E+3	3,070E-5
3,396E+3	3,090E-5
3,397E+3	3,090E-5
3,398E+3	3,090E-5
3,399E+3	3,100E-5
3,400E+3	3,110E-5
3,401E+3	3,110E-5
3,402E+3	3,120E-5
3,403E+3	3,120E-5
3,404E+3	3,130E-5
3,405E+3	3,140E-5
3,406E+3	3,140E-5
3,407E+3	3,150E-5
3,408E+3	3,160E-5
3,409E+3	3,170E-5
3,410E+3	3,180E-5
3,411E+3	3,180E-5
3,412E+3	3,190E-5
3,413E+3	3,200E-5
3,414E+3	3,210E-5
3,415E+3	3,220E-5
3,416E+3	3,230E-5
3,417E+3	3,240E-5
3,418E+3	3,250E-5
3,419E+3	3,260E-5
3,420E+3	3,270E-5
3,421E+3	3,290E-5
3,422E+3	3,300E-5
3,423E+3	3,310E-5
3,424E+3	3,330E-5
3,425E+3	3,340E-5
3,426E+3	3,350E-5
3,427E+3	3,370E-5
3,428E+3	3,380E-5
3,429E+3	3,400E-5
3,430E+3	3,410E-5
3,431E+3	3,430E-5
3,432E+3	3,450E-5
3,433E+3	3,470E-5
3,434E+3	3,490E-5
3,435E+3	3,520E-5
3,436E+3	3,530E-5
3,437E+3	3,560E-5
3,438E+3	3,580E-5
3,439E+3	3,600E-5
3,440E+3	3,630E-5
3,441E+3	3,660E-5
3,442E+3	3,680E-5
3,443E+3	3,720E-5
3,444E+3	3,750E-5
3,445E+3	3,780E-5
3,446E+3	3,810E-5
3,447E+3	3,850E-5
3,448E+3	3,890E-5
3,449E+3	3,920E-5
3,450E+3	3,960E-5
3,451E+3	4,010E-5
3,452E+3	4,050E-5
3,453E+3	4,090E-5
3,454E+3	4,140E-5
3,455E+3	4,200E-5
3,456E+3	4,270E-5
3,457E+3	4,320E-5
3,458E+3	4,380E-5
3,459E+3	4,450E-5
3,460E+3	4,520E-5
3,461E+3	4,590E-5
3,462E+3	4,670E-5
3,463E+3	4,760E-5
3,464E+3	4,850E-5
3,465E+3	4,950E-5
3,466E+3	5,040E-5
3,467E+3	5,160E-5
3,468E+3	5,280E-5
3,469E+3	5,390E-5
3,470E+3	5,530E-5
3,471E+3	5,680E-5
3,472E+3	5,830E-5
3,473E+3	5,990E-5
3,474E+3	6,180E-5
3,475E+3	6,370E-5
3,476E+3	6,570E-5
3,477E+3	6,790E-5
3,478E+3	7,010E-5
3,479E+3	7,290E-5
3,480E+3	7,570E-5
3,481E+3	7,880E-5
3,482E+3	8,220E-5
3,483E+3	8,560E-5
3,484E+3	8,960E-5
3,485E+3	9,390E-5
3,486E+3	9,850E-5
3,487E+3	1,030E-4
3,488E+3	1,090E-4
3,489E+3	1,150E-4
3,490E+3	1,230E-4
3,491E+3	1,300E-4
3,492E+3	1,380E-4
3,493E+3	1,490E-4
3,494E+3	1,600E-4
3,495E+3	1,730E-4
3,496E+3	1,880E-4
3,497E+3	2,060E-4
3,498E+3	2,260E-4
3,499E+3	2,510E-4
3,500E+3	2,800E-4
3,501E+3	3,140E-4
3,502E+3	3,560E-4
3,503E+3	4,070E-4
3,504E+3	4,700E-4
3,505E+3	5,490E-4
3,506E+3	4,480E-4
3,507E+3	2,540E-4
3,508E+3	1,920E-4
3,509E+3	1,610E-4
3,510E+3	1,430E-4
3,511E+3	1,300E-4
3,512E+3	1,210E-4
3,513E+3	1,130E-4
3,514E+3	1,070E-4
3,515E+3	1,010E-4
3,516E+3	9,630E-5
3,517E+3	9,190E-5
3,518E+3	8,800E-5
3,519E+3	8,460E-5
3,520E+3	8,160E-5
3,521E+3	7,880E-5
3,522E+3	7,620E-5
3,523E+3	7,340E-5
3,524E+3	7,070E-5
3,525E+3	6,840E-5
3,526E+3	6,640E-5
3,527E+3	6,460E-5
3,528E+3	6,300E-5
3,529E+3	6,140E-5
3,530E+3	6,010E-5
3,531E+3	5,880E-5
3,532E+3	5,750E-5
3,533E+3	5,630E-5
3,534E+3	5,510E-5
3,535E+3	5,410E-5
3,536E+3	5,320E-5
3,537E+3	5,220E-5
3,538E+3	5,140E-5
3,539E+3	5,060E-5
3,540E+3	4,970E-5
3,541E+3	4,900E-5
3,542E+3	4,830E-5
3,543E+3	4,760E-5
3,544E+3	4,700E-5
3,545E+3	4,640E-5
3,546E+3	4,590E-5
3,547E+3	4,540E-5
3,548E+3	4,490E-5
3,549E+3	4,430E-5
3,550E+3	4,390E-5
3,551E+3	4,340E-5
3,552E+3	4,300E-5
3,553E+3	4,250E-5
3,554E+3	4,200E-5
3,555E+3	4,170E-5
3,556E+3	4,130E-5
3,557E+3	4,090E-5
3,558E+3	4,060E-5
3,559E+3	4,030E-5
3,560E+3	4,000E-5
3,561E+3	3,960E-5
3,562E+3	3,930E-5
3,563E+3	3,890E-5
3,564E+3	3,860E-5
3,565E+3	3,840E-5
3,566E+3	3,810E-5
3,567E+3	3,780E-5
3,568E+3	3,750E-5
3,569E+3	3,730E-5
3,570E+3	3,700E-5
3,571E+3	3,670E-5
3,572E+3	3,650E-5
3,573E+3	3,630E-5
3,574E+3	3,610E-5
3,575E+3	3,580E-5
3,576E+3	3,560E-5
3,577E+3	3,540E-5
3,578E+3	3,520E-5
3,579E+3	3,490E-5
3,580E+3	3,480E-5
3,581E+3	3,450E-5
3,582E+3	3,440E-5
3,583E+3	3,420E-5
3,584E+3	3,400E-5
3,585E+3	3,380E-5
3,586E+3	3,360E-5
3,587E+3	3,350E-5
3,588E+3	3,320E-5
3,589E+3	3,310E-5
3,590E+3	3,300E-5
3,591E+3	3,280E-5
3,592E+3	3,260E-5
3,593E+3	3,250E-5
3,594E+3	3,230E-5
3,595E+3	3,220E-5
3,596E+3	3,200E-5
3,597E+3	3,190E-5
3,598E+3	3,180E-5
3,599E+3	3,160E-5
3,600E+3	3,140E-5
3,601E+3	3,130E-5
3,602E+3	3,110E-5
3,603E+3	3,110E-5
3,604E+3	3,110E-5
3,605E+3	3,090E-5
3,606E+3	3,080E-5
3,607E+3	3,070E-5
3,608E+3	3,060E-5
3,609E+3	3,050E-5
3,610E+3	3,050E-5
3,611E+3	3,040E-5
3,612E+3	3,040E-5
3,613E+3	3,030E-5
3,614E+3	3,020E-5
3,615E+3	3,020E-5
3,616E+3	3,010E-5
3,617E+3	3,010E-5
3,618E+3	3,000E-5
3,619E+3	3,000E-5
3,620E+3	3,000E-5
3,621E+3	2,990E-5
3,622E+3	2,990E-5
3,623E+3	2,980E-5
3,624E+3	2,980E-5
3,625E+3	2,970E-5
3,626E+3	2,980E-5
3,627E+3	2,970E-5
3,628E+3	2,970E-5
3,629E+3	2,960E-5
3,630E+3	2,960E-5
3,631E+3	2,960E-5
3,632E+3	2,960E-5
3,633E+3	2,950E-5
3,634E+3	2,950E-5
3,635E+3	2,950E-5
3,636E+3	2,950E-5
3,637E+3	2,940E-5
3,638E+3	2,940E-5
3,639E+3	2,940E-5
3,640E+3	2,930E-5
3,641E+3	2,940E-5
3,642E+3	2,930E-5
3,643E+3	2,930E-5
3,644E+3	2,920E-5
3,645E+3	2,920E-5
3,646E+3	2,920E-5
3,647E+3	2,920E-5
3,648E+3	2,920E-5
3,649E+3	2,910E-5
3,650E+3	2,910E-5
3,651E+3	2,910E-5
3,652E+3	2,910E-5
3,653E+3	2,910E-5
3,654E+3	2,900E-5
3,655E+3	2,900E-5
3,656E+3	2,900E-5
3,657E+3	2,900E-5
3,658E+3	2,890E-5
3,659E+3	2,890E-5
3,660E+3	2,890E-5
3,661E+3	2,890E-5
3,662E+3	2,840E-5
3,663E+3	2,830E-5
3,664E+3	2,830E-5
3,665E+3	2,820E-5
3,666E+3	2,820E-5
3,667E+3	2,820E-5
3,668E+3	2,810E-5
3,669E+3	2,820E-5
3,670E+3	2,810E-5
3,671E+3	2,800E-5
3,672E+3	2,800E-5
3,673E+3	2,800E-5
3,674E+3	2,800E-5
3,675E+3	2,800E-5
3,676E+3	2,790E-5
3,677E+3	2,800E-5
3,678E+3	2,790E-5
3,679E+3	2,790E-5
3,680E+3	2,780E-5
3,681E+3	2,780E-5
3,682E+3	2,780E-5
3,683E+3	2,780E-5
3,684E+3	2,780E-5
3,685E+3	2,780E-5
3,686E+3	2,770E-5
3,687E+3	2,770E-5
3,688E+3	2,770E-5
3,689E+3	2,770E-5
3,690E+3	2,770E-5
3,691E+3	2,770E-5
3,692E+3	2,770E-5
3,693E+3	2,760E-5
3,694E+3	2,760E-5
3,695E+3	2,760E-5
3,696E+3	2,760E-5
3,697E+3	2,760E-5
3,698E+3	2,750E-5
3,699E+3	2,750E-5
3,700E+3	2,750E-5
3,701E+3	2,750E-5
3,702E+3	2,750E-5
3,703E+3	2,750E-5
3,704E+3	2,750E-5
3,705E+3	2,740E-5
3,706E+3	2,740E-5
3,707E+3	2,740E-5
3,708E+3	2,740E-5
3,709E+3	2,740E-5
3,710E+3	2,730E-5
3,711E+3	2,730E-5
3,712E+3	2,730E-5
3,713E+3	2,730E-5
3,714E+3	2,730E-5
3,715E+3	2,730E-5
3,716E+3	2,720E-5
3,717E+3	2,720E-5
3,718E+3	2,720E-5
3,719E+3	2,730E-5
3,720E+3	2,720E-5
3,721E+3	2,720E-5
3,722E+3	2,720E-5
3,723E+3	2,720E-5
3,724E+3	2,720E-5
3,725E+3	2,710E-5
3,726E+3	2,710E-5
3,727E+3	2,710E-5
3,728E+3	2,710E-5
3,729E+3	2,710E-5
3,730E+3	2,700E-5
3,731E+3	2,700E-5
3,732E+3	2,700E-5
3,733E+3	2,700E-5
3,734E+3	2,700E-5
3,735E+3	2,700E-5
3,736E+3	2,700E-5
3,737E+3	2,700E-5
3,738E+3	2,690E-5
3,739E+3	2,690E-5
3,740E+3	2,690E-5
3,741E+3	2,690E-5
3,742E+3	2,690E-5
3,743E+3	2,690E-5
3,744E+3	2,690E-5
3,745E+3	2,690E-5
3,746E+3	2,680E-5
3,747E+3	2,690E-5
3,748E+3	2,680E-5
3,749E+3	2,680E-5
3,750E+3	2,680E-5
3,751E+3	2,680E-5
3,752E+3	2,680E-5
3,753E+3	2,680E-5
3,754E+3	2,680E-5
3,755E+3	2,670E-5
3,756E+3	2,670E-5
3,757E+3	2,670E-5
3,758E+3	2,670E-5
3,759E+3	2,670E-5
3,760E+3	2,670E-5
3,761E+3	2,660E-5
3,762E+3	2,670E-5
3,763E+3	2,670E-5
3,764E+3	2,660E-5
3,765E+3	2,660E-5
3,766E+3	2,660E-5
3,767E+3	2,660E-5
3,768E+3	2,660E-5
3,769E+3	2,660E-5
3,770E+3	2,660E-5
3,771E+3	2,660E-5
3,772E+3	2,660E-5
3,773E+3	2,650E-5
3,774E+3	2,650E-5
3,775E+3	2,650E-5
3,776E+3	2,650E-5
3,777E+3	2,640E-5
3,778E+3	2,650E-5
3,779E+3	2,650E-5
3,780E+3	2,640E-5
3,781E+3	2,640E-5
3,782E+3	2,650E-5
3,783E+3	2,640E-5
3,784E+3	2,640E-5
3,785E+3	2,640E-5
3,786E+3	2,640E-5
3,787E+3	2,630E-5
3,788E+3	2,640E-5
3,789E+3	2,640E-5
3,790E+3	2,630E-5
3,791E+3	2,630E-5
3,792E+3	2,630E-5
3,793E+3	2,630E-5
3,794E+3	2,630E-5
3,795E+3	2,630E-5
3,796E+3	2,630E-5
3,797E+3	2,630E-5
3,798E+3	2,620E-5
3,799E+3	2,620E-5
3,800E+3	2,620E-5
3,801E+3	2,630E-5
3,802E+3	2,620E-5
3,803E+3	2,620E-5
3,804E+3	2,620E-5
3,805E+3	2,620E-5
3,806E+3	2,620E-5
3,807E+3	2,620E-5
3,808E+3	2,620E-5
3,809E+3	2,610E-5
3,810E+3	2,610E-5
3,811E+3	2,620E-5
3,812E+3	2,610E-5
3,813E+3	2,610E-5
3,814E+3	2,610E-5
3,815E+3	2,610E-5
3,816E+3	2,610E-5
3,817E+3	2,610E-5
3,818E+3	2,610E-5
3,819E+3	2,610E-5
3,820E+3	2,600E-5
3,821E+3	2,610E-5
3,822E+3	2,600E-5
3,823E+3	2,600E-5
3,824E+3	2,600E-5
3,825E+3	2,600E-5
3,826E+3	2,600E-5
3,827E+3	2,600E-5
3,828E+3	2,600E-5
3,829E+3	2,600E-5
3,830E+3	2,590E-5
3,831E+3	2,590E-5
3,832E+3	2,590E-5
3,833E+3	2,590E-5
3,834E+3	2,590E-5
3,835E+3	2,590E-5
3,836E+3	2,590E-5
3,837E+3	2,590E-5
3,838E+3	2,590E-5
3,839E+3	2,590E-5
3,840E+3	2,590E-5
3,841E+3	2,590E-5
3,842E+3	2,590E-5
3,843E+3	2,580E-5
3,844E+3	2,580E-5
3,845E+3	2,580E-5
3,846E+3	2,580E-5
3,847E+3	2,580E-5
3,848E+3	2,580E-5
3,849E+3	2,580E-5
3,850E+3	2,580E-5
3,851E+3	2,570E-5
3,852E+3	2,570E-5
3,853E+3	2,580E-5
3,854E+3	2,570E-5
3,855E+3	2,570E-5
3,856E+3	2,570E-5
3,857E+3	2,570E-5
3,858E+3	2,570E-5
3,859E+3	2,570E-5
3,860E+3	2,570E-5
3,861E+3	2,570E-5
3,862E+3	2,570E-5
3,863E+3	2,560E-5
3,864E+3	2,560E-5
3,865E+3	2,560E-5
3,866E+3	2,570E-5
3,867E+3	2,570E-5
3,868E+3	2,560E-5
3,869E+3	2,560E-5
3,870E+3	2,560E-5
3,871E+3	2,560E-5
3,872E+3	2,560E-5
3,873E+3	2,550E-5
3,874E+3	2,550E-5
3,875E+3	2,560E-5
3,876E+3	2,560E-5
3,877E+3	2,550E-5
3,878E+3	2,550E-5
3,879E+3	2,550E-5
3,880E+3	2,550E-5
3,881E+3	2,550E-5
3,882E+3	2,550E-5
3,883E+3	2,550E-5
3,884E+3	2,550E-5
3,885E+3	2,540E-5
3,886E+3	2,550E-5
3,887E+3	2,550E-5
3,888E+3	2,550E-5
3,889E+3	2,540E-5
3,890E+3	2,540E-5
3,891E+3	2,540E-5
3,892E+3	2,540E-5
3,893E+3	2,540E-5
3,894E+3	2,540E-5
3,895E+3	2,540E-5
3,896E+3	2,540E-5
3,897E+3	2,540E-5
3,898E+3	2,530E-5
3,899E+3	2,530E-5
3,900E+3	2,540E-5
3,901E+3	2,530E-5
3,902E+3	2,530E-5
3,903E+3	2,530E-5
3,904E+3	2,530E-5
3,905E+3	2,530E-5
3,906E+3	2,530E-5
3,907E+3	2,520E-5
3,908E+3	2,530E-5
3,909E+3	2,530E-5
3,910E+3	2,530E-5
3,911E+3	2,530E-5
3,912E+3	2,530E-5
3,913E+3	2,520E-5
3,914E+3	2,520E-5
3,915E+3	2,520E-5
3,916E+3	2,520E-5
3,917E+3	2,520E-5
3,918E+3	2,520E-5
3,919E+3	2,520E-5
3,920E+3	2,520E-5
3,921E+3	2,510E-5
3,922E+3	2,520E-5
3,923E+3	2,510E-5
3,924E+3	2,510E-5
3,925E+3	2,510E-5
3,926E+3	2,510E-5
3,927E+3	2,510E-5
3,928E+3	2,510E-5
3,929E+3	2,500E-5
3,930E+3	2,510E-5
3,931E+3	2,510E-5
3,932E+3	2,510E-5
3,933E+3	2,500E-5
3,934E+3	2,510E-5
3,935E+3	2,510E-5
3,936E+3	2,510E-5
3,937E+3	2,500E-5
3,938E+3	2,500E-5
3,939E+3	2,500E-5
3,940E+3	2,500E-5
3,941E+3	2,490E-5
3,942E+3	2,500E-5
3,943E+3	2,500E-5
3,944E+3	2,500E-5
3,945E+3	2,500E-5
3,946E+3	2,500E-5
3,947E+3	2,500E-5
3,948E+3	2,500E-5
3,949E+3	2,500E-5
3,950E+3	2,490E-5
3,951E+3	2,500E-5
3,952E+3	2,490E-5
3,953E+3	2,490E-5
3,954E+3	2,490E-5
3,955E+3	2,490E-5
3,956E+3	2,490E-5
3,957E+3	2,490E-5
3,958E+3	2,490E-5
3,959E+3	2,490E-5
3,960E+3	2,490E-5
3,961E+3	2,480E-5
3,962E+3	2,480E-5
3,963E+3	2,490E-5
3,964E+3	2,480E-5
3,965E+3	2,480E-5
3,966E+3	2,480E-5
3,967E+3	2,480E-5
3,968E+3	2,480E-5
3,969E+3	2,480E-5
3,970E+3	2,480E-5
3,971E+3	2,480E-5
3,972E+3	2,480E-5
3,973E+3	2,470E-5
3,974E+3	2,480E-5
3,975E+3	2,480E-5
3,976E+3	2,480E-5
3,977E+3	2,470E-5
3,978E+3	2,470E-5
3,979E+3	2,470E-5
3,980E+3	2,470E-5
3,981E+3	2,470E-5
3,982E+3	2,470E-5
3,983E+3	2,470E-5
3,984E+3	2,470E-5
3,985E+3	2,460E-5
3,986E+3	2,470E-5
3,987E+3	2,460E-5
3,988E+3	2,460E-5
3,989E+3	2,470E-5
3,990E+3	2,460E-5
3,991E+3	2,460E-5
3,992E+3	2,460E-5
3,993E+3	2,460E-5
3,994E+3	2,460E-5
3,995E+3	2,460E-5
3,996E+3	2,460E-5
3,997E+3	2,460E-5
3,998E+3	2,460E-5
3,999E+3	2,460E-5
4,000E+3	2,460E-5
4,001E+3	2,450E-5
4,002E+3	2,450E-5
4,003E+3	2,450E-5
4,004E+3	2,450E-5
4,005E+3	2,450E-5
4,006E+3	2,450E-5
4,007E+3	2,450E-5
4,008E+3	2,450E-5
4,009E+3	2,450E-5
4,010E+3	2,450E-5
4,011E+3	2,450E-5
4,012E+3	2,450E-5
4,013E+3	2,450E-5
4,014E+3	2,450E-5
4,015E+3	2,440E-5
4,016E+3	2,440E-5
4,017E+3	2,440E-5
4,018E+3	2,450E-5
4,019E+3	2,440E-5
4,020E+3	2,440E-5
4,021E+3	2,440E-5
4,022E+3	2,440E-5
4,023E+3	2,440E-5
4,024E+3	2,440E-5
4,025E+3	2,440E-5
4,026E+3	2,440E-5
4,027E+3	2,440E-5
4,028E+3	2,440E-5
4,029E+3	2,440E-5
4,030E+3	2,430E-5
4,031E+3	2,440E-5
4,032E+3	2,430E-5
4,033E+3	2,430E-5
4,034E+3	2,430E-5
4,035E+3	2,440E-5
4,036E+3	2,430E-5
4,037E+3	2,430E-5
4,038E+3	2,440E-5
4,039E+3	2,430E-5
4,040E+3	2,430E-5
4,041E+3	2,430E-5
4,042E+3	2,430E-5
4,043E+3	2,430E-5
4,044E+3	2,430E-5
4,045E+3	2,430E-5
4,046E+3	2,420E-5
4,047E+3	2,420E-5
4,048E+3	2,430E-5
4,049E+3	2,420E-5
4,050E+3	2,430E-5
4,051E+3	2,420E-5
4,052E+3	2,420E-5
4,053E+3	2,420E-5
4,054E+3	2,430E-5
4,055E+3	2,420E-5
4,056E+3	2,420E-5
4,057E+3	2,420E-5
4,058E+3	2,420E-5
4,059E+3	2,420E-5
4,060E+3	2,410E-5
4,061E+3	2,420E-5
4,062E+3	2,420E-5
4,063E+3	2,410E-5
4,064E+3	2,410E-5
4,065E+3	2,410E-5
4,066E+3	2,410E-5
4,067E+3	2,410E-5
4,068E+3	2,400E-5
4,069E+3	2,410E-5
4,070E+3	2,400E-5
4,071E+3	2,410E-5
4,072E+3	2,410E-5
4,073E+3	2,410E-5
4,074E+3	2,410E-5
4,075E+3	2,400E-5
4,076E+3	2,400E-5
4,077E+3	2,400E-5
4,078E+3	2,400E-5
4,079E+3	2,400E-5
4,080E+3	2,400E-5
4,081E+3	2,400E-5
4,082E+3	2,400E-5
4,083E+3	2,400E-5
4,084E+3	2,400E-5
4,085E+3	2,390E-5
4,086E+3	2,400E-5
4,087E+3	2,390E-5
4,088E+3	2,390E-5
4,089E+3	2,390E-5
4,090E+3	2,390E-5
4,091E+3	2,390E-5
4,092E+3	2,390E-5
4,093E+3	2,390E-5
4,094E+3	2,390E-5
4,095E+3	2,390E-5
4,096E+3	2,390E-5
4,097E+3	2,390E-5
4,098E+3	2,390E-5
4,099E+3	2,390E-5
4,100E+3	2,390E-5
4,101E+3	2,380E-5
4,102E+3	2,390E-5
4,103E+3	2,380E-5
4,104E+3	2,380E-5
4,105E+3	2,380E-5
4,106E+3	2,380E-5
4,107E+3	2,390E-5
4,108E+3	2,380E-5
4,109E+3	2,380E-5
4,110E+3	2,380E-5
4,111E+3	2,380E-5
4,112E+3	2,380E-5
4,113E+3	2,380E-5
4,114E+3	2,380E-5
4,115E+3	2,370E-5
4,116E+3	2,380E-5
4,117E+3	2,380E-5
4,118E+3	2,370E-5
4,119E+3	2,370E-5
4,120E+3	2,370E-5
4,121E+3	2,370E-5
4,122E+3	2,370E-5
4,123E+3	2,370E-5
4,124E+3	2,370E-5
4,125E+3	2,370E-5
4,126E+3	2,370E-5
4,127E+3	2,370E-5
4,128E+3	2,370E-5
4,129E+3	2,370E-5
4,130E+3	2,360E-5
4,131E+3	2,370E-5
4,132E+3	2,360E-5
4,133E+3	2,360E-5
4,134E+3	2,360E-5
4,135E+3	2,360E-5
4,136E+3	2,360E-5
4,137E+3	2,360E-5
4,138E+3	2,360E-5
4,139E+3	2,360E-5
4,140E+3	2,360E-5
4,141E+3	2,360E-5
4,142E+3	2,360E-5
4,143E+3	2,360E-5
4,144E+3	2,360E-5
4,145E+3	2,360E-5
4,146E+3	2,350E-5
4,147E+3	2,350E-5
4,148E+3	2,360E-5
4,149E+3	2,350E-5
4,150E+3	2,350E-5
4,151E+3	2,350E-5
4,152E+3	2,350E-5
4,153E+3	2,350E-5
4,154E+3	2,350E-5
4,155E+3	2,350E-5
4,156E+3	2,350E-5
4,157E+3	2,350E-5
4,158E+3	2,350E-5
4,159E+3	2,350E-5
4,160E+3	2,350E-5
4,161E+3	2,350E-5
4,162E+3	2,350E-5
4,163E+3	2,340E-5
4,164E+3	2,350E-5
4,165E+3	2,340E-5
4,166E+3	2,340E-5
4,167E+3	2,340E-5
4,168E+3	2,340E-5
4,169E+3	2,340E-5
4,170E+3	2,340E-5
4,171E+3	2,340E-5
4,172E+3	2,340E-5
4,173E+3	2,340E-5
4,174E+3	2,340E-5
4,175E+3	2,340E-5
4,176E+3	2,340E-5
4,177E+3	2,330E-5
4,178E+3	2,340E-5
4,179E+3	2,330E-5
4,180E+3	2,340E-5
4,181E+3	2,330E-5
4,182E+3	2,330E-5
4,183E+3	2,330E-5
4,184E+3	2,330E-5
4,185E+3	2,330E-5
4,186E+3	2,330E-5
4,187E+3	2,330E-5
4,188E+3	2,330E-5
4,189E+3	2,330E-5
4,190E+3	2,330E-5
4,191E+3	2,330E-5
4,192E+3	2,320E-5
4,193E+3	2,330E-5
4,194E+3	2,320E-5
4,195E+3	2,330E-5
4,196E+3	2,330E-5
4,197E+3	2,320E-5
4,198E+3	2,320E-5
4,199E+3	2,320E-5
4,200E+3	2,320E-5
4,201E+3	2,320E-5
4,202E+3	2,320E-5
4,203E+3	2,320E-5
4,204E+3	2,320E-5
4,205E+3	2,320E-5
4,206E+3	2,320E-5
4,207E+3	2,320E-5
4,208E+3	2,320E-5
4,209E+3	2,320E-5
4,210E+3	2,320E-5
4,211E+3	2,310E-5
4,212E+3	2,320E-5
4,213E+3	2,310E-5
4,214E+3	2,320E-5
4,215E+3	2,310E-5
4,216E+3	2,310E-5
4,217E+3	2,310E-5
4,218E+3	2,310E-5
4,219E+3	2,310E-5
4,220E+3	2,310E-5
4,221E+3	2,310E-5
4,222E+3	2,310E-5
4,223E+3	2,310E-5
4,224E+3	2,310E-5
4,225E+3	2,310E-5
4,226E+3	2,300E-5
4,227E+3	2,310E-5
4,228E+3	2,310E-5
4,229E+3	2,310E-5
4,230E+3	2,300E-5
4,231E+3	2,300E-5
4,232E+3	2,300E-5
4,233E+3	2,300E-5
4,234E+3	2,300E-5
4,235E+3	2,300E-5
4,236E+3	2,300E-5
4,237E+3	2,300E-5
4,238E+3	2,300E-5
4,239E+3	2,300E-5
4,240E+3	2,300E-5
4,241E+3	2,290E-5
4,242E+3	2,300E-5
4,243E+3	2,300E-5
4,244E+3	2,290E-5
4,245E+3	2,290E-5
4,246E+3	2,290E-5
4,247E+3	2,290E-5
4,248E+3	2,290E-5
4,249E+3	2,300E-5
4,250E+3	2,290E-5
4,251E+3	2,290E-5
